,ppid,radius,yawrate_offset,trialn,timestamp_exp,timestamp_trial,trialtype_signed,World_x,World_z,WorldYaw,SWA,YawRate_seconds,TurnAngle_frames,Distance_frames,dt,WheelCorrection,SteeringBias,Closestpt,AutoFlag,AutoFile,OnsetTime
0,P01,40,0.15,4,967.8115927592496,0.016730252189859133,-2,0.0,0.13385167717933655,359.9865311747417,-0.2879999876022339,-0.8050000015646219,-0.013468825008579042,0.133851676843733,0.016731459605466625,9.274999564513564,0.001190523508378366,27,True,Midline_40_4.csv,5.0
1,P01,40,0.15,4,967.8282058921277,0.03338262607462639,-2,-3.131252742605284e-05,0.2670537531375885,359.9731277152896,-0.2879999876022339,-0.8050000015646219,-0.013403460056460427,0.13320208725872362,0.016650260907340453,9.274999564513564,-0.001971163470764719,53,True,Midline_40_4.csv,5.0
2,P01,40,0.15,4,967.844882716178,0.05006850574170585,-2,-9.386489546159282e-05,0.40042486786842346,359.9597072415053,-0.2800000011920929,-0.8050000015646219,-0.013420469523589534,0.13337112544104454,0.016671390680130568,8.995000040158631,-0.00031417817260147215,80,True,Midline_40_4.csv,5.0
3,P01,40,0.15,4,967.8615885182022,0.06677249664267038,-2,-0.00018786075816024092,0.534085750579834,359.9462576135993,-0.2529999911785126,-0.8050000015646219,-0.013449628610018126,0.13366090518138662,0.016707613147673328,8.049999689683316,0.0010976841606398203,107,True,Midline_40_4.csv,5.0
4,P01,40,0.15,4,967.8782173474831,0.08341853159549828,-2,-0.0003127882373519242,0.6672732830047607,359.9328556135297,-0.20100000500679016,-0.8050000015646219,-0.01340200210220306,0.13318759827234314,0.016648449784042896,6.230000173673034,-0.0020889558489120726,133,True,Midline_40_4.csv,5.0
5,P01,40,0.15,4,967.8949062456892,0.10011256131781464,-2,-0.00046921192551963026,0.8007529973983765,359.91942420601845,-0.15199999511241913,-0.8050000015646219,-0.013431404181023137,0.1334797928439002,0.016684974105487527,4.514999827370048,-0.0006878136390179732,160,True,Midline_40_4.csv,5.0
6,P01,40,0.15,4,967.911512134074,0.11671905341040655,-2,-0.0006561383488588035,0.9336724281311036,359.90604917705065,-0.1040000021457672,-0.8050000015646219,-0.013375029947297794,0.13291955201293604,0.016614944001617005,2.8350000735372305,-0.0017476938641188642,187,True,Midline_40_4.csv,5.0
7,P01,40,0.15,4,967.928215219413,0.13341972391845047,-2,-0.0008752217399887742,1.0672800540924072,359.89260489493614,-0.059999998658895486,-0.8050000015646219,-0.013444282777497069,0.1336077788955663,0.016700972361945787,1.2949999514967203,-0.0021347968887213253,213,True,Midline_40_4.csv,5.0
8,P01,40,0.15,4,967.9448422375704,0.15002561230312494,-2,-0.0011242299806326628,1.200126886367798,359.87923715263605,-0.039000000804662704,-0.8050000015646219,-0.013367740175644887,0.13284710707739578,0.016605888384674472,0.5600000265985727,-0.0011513086499240273,240,True,Midline_40_4.csv,5.0
9,P01,40,0.15,4,967.961510006004,0.1667114919702044,-2,-0.0014055612264201045,1.3336039781570437,359.8658059835434,-0.032999999821186066,-0.8050000015646219,-0.013431161188631654,0.13347737801268522,0.016684672251585653,0.3499999921768904,-0.0022942980250106773,267,True,Midline_40_4.csv,5.0
10,P01,40,0.15,4,967.9781617761807,0.18336386585497166,-2,-0.001717791659757495,1.4669144153594968,359.8523915857077,-0.032999999821186066,-0.8050000015646219,-0.01341439471389403,0.13331075466157927,0.01666384433269741,0.3499999921768904,-0.0022521285897901928,293,True,Midline_40_4.csv,5.0
11,P01,40,0.15,4,967.9948754264065,0.2000642345091137,-2,-0.002061600564047694,1.6003671884536743,359.83896283805365,-0.032999999821186066,-0.8050000015646219,-0.013428731264716848,0.1334532297005353,0.016681653712566913,0.3499999921768904,-0.0020658841529792122,320,True,Midline_40_4.csv,5.0
12,P01,40,0.15,4,968.0114541479404,0.21665865244574434,-2,-0.002435146830976009,1.7332717180252075,359.82558926939964,-0.032999999821186066,-0.8050000015646219,-0.01337357199294891,0.1329050630256461,0.01661313287820576,0.3499999921768904,-0.003329525699137393,347,True,Midline_40_4.csv,5.0
13,P01,40,0.15,4,968.028185305692,0.2333919231746222,-2,-0.002842647721990943,1.86713969707489,359.8121187239885,-0.032999999821186066,-0.8050000015646219,-0.013470525955319407,0.13386858066223795,0.016733572582779743,0.3499999921768904,-0.003240982628681847,373,True,Midline_40_4.csv,5.0
14,P01,40,0.15,4,968.0448892965927,0.2501010455916912,-2,-0.0032802834175527096,2.0005993843078613,359.7986892610788,-0.032999999821186066,-0.8050000015646219,-0.013429460241891287,0.13346047419418028,0.01668255927427254,0.3499999921768904,-0.0032803849637784103,400,True,Midline_40_4.csv,5.0
15,P01,40,0.15,4,968.061487940484,0.26669184128161305,-2,-0.003747342387214303,2.133530139923096,359.78531299531465,-0.032999999821186066,-0.8050000015646219,-0.013376244909255198,0.132931626169011,0.016616453271126375,0.3499999921768904,-0.004313981776407023,427,True,Midline_40_4.csv,5.0
16,P01,40,0.15,4,968.0781279383591,0.2833233872474921,-2,-0.00424582464620471,2.2665646076202397,359.7719263136387,-0.032999999821186066,-0.8050000015646219,-0.01338669358181432,0.13303546390852716,0.016629432988565895,0.3499999921768904,-0.00433136764814791,453,True,Midline_40_4.csv,5.0
17,P01,40,0.15,4,968.0948524553247,0.2999751574243419,-2,-0.004775629378855228,2.3996593952178955,359.75853356719017,-0.032999999821186066,-0.8050000015646219,-0.013392768391509824,0.13309583468799244,0.016636979335999058,0.3499999921768904,-0.00489862901133549,480,True,Midline_40_4.csv,5.0
18,P01,40,0.15,4,968.1114287620276,0.31663839804934923,-2,-0.0053380304016172895,2.533106565475464,359.7451053261757,-0.032999999821186066,-0.8050000015646219,-0.013428245279933885,0.13344840003810532,0.01668105000476316,0.3499999921768904,-0.0058186771827928845,506,True,Midline_40_4.csv,5.0
19,P01,40,0.15,4,968.1282619463962,0.33341664500869683,-2,-0.005934522021561861,2.6671862602233887,359.7316134274006,-0.032999999821186066,-0.8050000015646219,-0.013491909285312131,0.13408108580460976,0.01676013572557622,0.3499999921768904,-0.006086843823509055,533,True,Midline_40_4.csv,5.0
20,P01,40,0.15,4,968.1448319141672,0.3500056295752074,-2,-0.00655674934387207,2.8000197410583496,359.71824690699583,-0.032999999821186066,-0.8050000015646219,-0.013366525213778999,0.1328350329222303,0.01660437911527879,0.3499999921768904,-0.006612329223231118,560,True,Midline_40_4.csv,5.0
21,P01,40,0.15,4,968.161496060354,0.3666963389047169,-2,-0.007213409058749677,2.933553457260132,359.7048098742962,-0.032999999821186066,-0.8050000015646219,-0.01343699300584416,0.13353533396002604,0.016691916745003255,0.3499999921768904,-0.007590905505365027,587,True,Midline_40_4.csv,5.0
22,P01,40,0.15,4,968.1781580935632,0.3833628999224175,-2,-0.007900377735495567,3.066891431808472,359.6913925409317,-0.032999999821186066,-0.8050000015646219,-0.0134173106225918,0.13333973263615914,0.016667466579519896,0.3499999921768904,-0.007955316109146768,613,True,Midline_40_4.csv,5.0
23,P01,40,0.15,4,968.1948946846848,0.4000409313882756,-2,-0.0086189741268754,3.2003040313720703,359.677967697382,-0.032999999821186066,-0.8050000015646219,-0.01342484338654467,0.13341459240200493,0.016676824050250616,0.3499999921768904,-0.00864705282422243,640,True,Midline_40_4.csv,5.0
24,P01,40,0.15,4,968.2115063082936,0.4166878719029228,-2,-0.009367255493998528,3.3334364891052246,359.66515350341797,-0.032999999821186066,-0.7699999958276749,-0.012814192859267786,0.13313447198652284,0.016641808998315355,0.38499999791383743,-0.009668716650709713,666,True,Midline_40_4.csv,5.0
25,P01,40,0.15,4,968.2281807175128,0.4333746571317079,-2,-0.010147612541913986,3.4669623374938965,359.6534698009491,-0.032999999821186066,-0.6999999843537807,-0.011683707567236705,0.13352808946729056,0.01669101118341132,0.4550000093877316,-0.010185627580998344,693,True,Midline_40_4.csv,5.0
26,P01,40,0.15,4,968.2449161012187,0.4501157760618071,-2,-0.010957213118672373,3.600821256637573,359.64527079463005,-0.032999999821186066,-0.4900000151246786,-0.00819900709340253,0.13386133616859294,0.016732667021074118,0.6649999786168337,-0.01096143207424152,720,True,Midline_40_4.csv,5.0
27,P01,40,0.15,4,968.2614788244963,0.4666803104628343,-2,-0.01177813485264778,3.733414649963379,359.6406299173832,-0.032999999821186066,-0.2800000132992864,-0.004640858982674407,0.1325959646355841,0.016574495579448012,0.8749999804422259,-0.011990868820224168,746,True,Midline_40_4.csv,5.0
28,P01,40,0.15,4,968.278197908092,0.4833930551267258,-2,-0.012616127729415894,3.8670172691345215,359.6394608616829,-0.032999999821186066,-0.07000000332482159,-0.0011690469910898241,0.1336053640643513,0.016700670508043913,1.0849999904166907,-0.012642044448377276,773,True,Midline_40_4.csv,5.0
29,P01,40,0.15,4,968.294875939558,0.5000303363166267,-2,-0.013454126194119452,4.000187873840332,359.6441218852997,-0.032999999821186066,0.2800000132992864,0.004661059046397111,0.1331731092859627,0.016646638660745342,1.4350000070407989,-0.013496016220517684,800,True,Midline_40_4.csv,5.0
30,P01,40,0.15,4,968.3114205516016,0.5166223394220424,-2,-0.014278681948781012,4.1329383850097665,359.6534145772457,-0.032999999821186066,0.5600000265985727,0.009292705447707907,0.13275292866183008,0.01659411608272876,1.715000020340085,-0.014373397018149322,826,True,Midline_40_4.csv,5.0
31,P01,40,0.15,4,968.3280726236327,0.5332750151605978,-2,-0.015083985403180122,4.266065597534181,359.66739317774767,-0.02800000086426735,0.8400000073015691,0.013978612565536659,0.13312964232409286,0.01664120529051161,1.8200000375509264,-0.015086359478569676,853,True,Midline_40_4.csv,5.0
32,P01,40,0.15,4,968.344844833514,0.5500221711687345,-2,-0.01586163230240345,4.400023460388184,359.6861476302147,-0.023000000044703484,1.1200000531971457,0.018754449085310904,0.13396034424658865,0.01674504303082358,1.925000054761768,-0.015919145726015972,880,True,Midline_40_4.csv,5.0
33,P01,40,0.15,4,968.3615035463304,0.5667053341508108,-2,-0.016592878848314285,4.533515930175781,359.7089250981808,-0.014999999664723871,1.3650000281631949,0.022777462307244825,0.13349428183028067,0.016686785228785084,1.8900000164285304,-0.01672522202074941,906,True,Midline_40_4.csv,5.0
34,P01,40,0.15,4,968.3781492794293,0.5833543876426575,-2,-0.0172695592045784,4.6667137145996085,359.73398327827454,-0.008000000379979609,1.5050000511109831,0.02505818922659193,0.13319967242841813,0.016649959053552266,1.7850000644102697,-0.01727144834630288,933,True,Midline_40_4.csv,5.0
35,P01,40,0.15,4,968.3948439128596,0.60002668388438,-2,-0.017888780683279037,4.800083637237549,359.76082423329353,-0.003000000026077032,1.610000003129244,0.026840939047179067,0.13337112544104454,0.016671390680130568,1.7150000040419402,-0.01794480109347404,960,True,Midline_40_4.csv,5.0
36,P01,40,0.15,4,968.4115083608999,0.6167116579898675,-2,-0.018445998430252075,4.9335670471191415,359.78768800199026,0.003000000026077032,1.610000003129244,0.0268637803316122,0.1334846225063302,0.016685577813291275,1.505000002216548,-0.018556920355838488,986,True,Midline_40_4.csv,5.0
37,P01,40,0.15,4,968.428186392366,0.6333927079947443,-2,-0.018940558657050133,5.067031383514403,359.8145478963852,0.0070000002160668364,1.610000003129244,0.026859892453348504,0.13346530385661026,0.016683162982076283,1.3649999955669048,-0.018945857978720188,1013,True,Midline_40_4.csv,5.0
38,P01,40,0.15,4,968.4448837424812,0.6500535337885367,-2,-0.019371949136257168,5.200310230255127,359.84020417928696,0.008999999612569809,1.5399999916553495,0.02565627701839236,0.13327936185669387,0.01665992023208673,1.2250000052154062,-0.01941654883876744,1040,True,Midline_40_4.csv,5.0
39,P01,40,0.15,4,968.4615014031681,0.6667062095270921,-2,-0.019743477925658226,5.333523750305176,359.8635166436433,0.009999999776482582,1.3999999687075615,0.02331247772651526,0.13321416141479858,0.016651770176849826,1.0499999765306711,-0.019830673603779585,1066,True,Midline_40_4.csv,5.0
40,P01,40,0.15,4,968.4781718882864,0.6833776002072227,-2,-0.02006137929856777,5.466979026794434,359.88511976599693,0.009999999776482582,1.2950000166893003,0.021603132736987246,0.1334556445317503,0.016681955566468787,0.94500002451241,-0.020063205308712345,1093,True,Midline_40_4.csv,5.0
41,P01,40,0.15,4,968.4950313339436,0.7000178999360287,-2,-0.02032829448580742,5.6001009941101065,359.90375690162176,0.009999999776482582,1.1200000531971457,0.01863713658160648,0.13312239783135738,0.016640299728919672,0.7700000610202553,-0.020395111708197643,1120,True,Midline_40_4.csv,5.0
42,P01,40,0.15,4,968.5114736175168,0.7166802349993304,-2,-0.02055221237242222,5.7334041595458975,359.9195033758879,0.009999999776482582,0.9450000245124102,0.015746477547036033,0.1333035101679343,0.016662938770991786,0.5950000323355198,-0.020615409797254267,1146,True,Midline_40_4.csv,5.0
43,P01,40,0.15,4,968.5282237920636,0.7334292021307647,-2,-0.0207404512912035,5.867388725280763,359.93239938467735,0.009999999776482582,0.7699999958276749,0.01289600733881269,0.13398449255782907,0.016748061569728634,0.4200000036507845,-0.02074788476229216,1173,True,Midline_40_4.csv,5.0
44,P01,40,0.15,4,968.5448595639841,0.7500305627070247,-2,-0.0208971593528986,6.000209331512451,359.9416968151927,0.009999999776482582,0.5600000265985727,0.009297438517050435,0.13282054393494036,0.016602567991867545,0.2100000344216824,-0.02096348428672634,1200,True,Midline_40_4.csv,5.0
45,P01,40,0.15,4,968.5614805450637,0.7666871625461908,-2,-0.02103274315595627,6.133450031280518,359.94869195297366,0.009999999776482582,0.4200000036507845,0.00699513810010773,0.1332407245581635,0.016655090569770437,0.07000001147389412,-0.021088595258825046,1226,True,Midline_40_4.csv,5.0
46,P01,40,0.15,4,968.5781872526497,0.783342856823765,-2,-0.02115197479724884,6.26659631729126,359.95393459498877,0.009999999776482582,0.3149999864399433,0.005242645028680449,0.1331465461425978,0.016643318267824725,-0.03500000573694706,-0.021155074083056717,1253,True,Midline_40_4.csv,5.0
47,P01,40,0.15,4,968.5948197041772,0.7999810435753716,-2,-0.0212590117007494,6.399728298187256,359.9568468593061,0.009999999776482582,0.1749999960884452,0.0029122636851781924,0.13313205715530785,0.01664150714441348,-0.1749999960884452,-0.0213801087117072,1280,True,Midline_40_4.csv,5.0
48,P01,40,0.15,4,968.6115520693444,0.8167218606515689,-2,-0.021359875798225403,6.533647537231445,359.9591904468835,0.009999999776482582,0.14000000664964318,0.00234358772334328,0.1339192921159338,0.016739911514491727,-0.2099999855272472,-0.02142018700573479,1306,True,Midline_40_4.csv,5.0
49,P01,40,0.15,4,968.62826571957,0.8334430572245992,-2,-0.02145516686141491,6.667433738708496,359.9609463959933,0.009999999776482582,0.10500000091269612,0.001755947518049357,0.1337864764027472,0.0167233095503434,-0.24499999126419425,-0.021458025951031467,1333,True,Midline_40_4.csv,5.0
50,P01,40,0.15,4,968.644890926604,0.8500383807229355,-2,-0.021545642986893654,6.800172328948975,359.96268858760595,0.009999999776482582,0.10500000091269612,0.0017421920358720714,0.13273843967454013,0.016592304959317516,-0.24499999126419425,-0.02163400680861896,1360,True,Midline_40_4.csv,5.0
51,P01,40,0.15,4,968.6618243264661,0.8668742817764041,-2,-0.021633222699165344,6.934661388397218,359.96445375308394,0.009999999776482582,0.10500000091269612,0.0017651706639222305,0.13448919227266742,0.016811149034083428,-0.24499999126419425,-0.021776633822382527,1386,True,Midline_40_4.csv,5.0
52,P01,40,0.15,4,968.6785965363472,0.8835073370117925,-2,-0.021715819835662842,7.067795753479004,359.9673660695553,0.009999999776482582,0.1749999960884452,0.002912316509609839,0.13313447198652284,0.016641808998315355,-0.1749999960884452,-0.021723758760003244,1413,True,Midline_40_4.csv,5.0
53,P01,40,0.15,4,968.6949144561149,0.9000869641074587,-2,-0.021791396662592888,7.200488090515138,359.9708492476493,0.009999999776482582,0.21000000182539225,0.0034831796746890714,0.13269255788236478,0.016586569735295598,-0.13999999035149813,-0.02186256555150243,1440,True,Midline_40_4.csv,5.0
54,P01,40,0.15,4,968.7114744627077,0.9166717227194568,-2,-0.021858975291252136,7.333313465118407,359.9743359144777,0.009999999776482582,0.21000000182539225,0.003486666087238273,0.13282537359737034,0.01660317169967129,-0.13999999035149813,-0.02188285946595875,1466,True,Midline_40_4.csv,5.0
55,P01,40,0.15,4,968.7281355903552,0.9333376800294672,-2,-0.021918697282671932,7.466643333435059,359.9784191474318,0.009999999776482582,0.2450000075623393,0.004083233621194445,0.1333300733112992,0.0166662591639124,-0.10499998461455108,-0.021929561738947,1493,True,Midline_40_4.csv,5.0
56,P01,40,0.15,4,968.744918365123,0.9501234733362479,-2,-0.021969253197312355,7.6008667945861825,359.9825297445058,0.009999999776482582,0.2450000075623393,0.004110596677714715,0.1342235608435658,0.016777945105445724,-0.10499998461455108,-0.022021012910656786,1520,True,Midline_40_4.csv,5.0
57,P01,40,0.15,4,968.761511575644,0.9667163820033692,-2,-0.022009748965501785,7.733680248260497,359.9865971514955,0.009999999776482582,0.2450000075623393,0.004067407420937075,0.13281329944129538,0.016601662430161927,-0.10499998461455108,-0.022046006717862526,1546,True,Midline_40_4.csv,5.0
58,P01,40,0.15,4,968.7782641650224,0.9834662546965092,-2,-0.022041095420718197,7.86768627166748,359.99070109147584,0.009999999776482582,0.2450000075623393,0.004103940799084363,0.1340062260378545,0.016750778254731813,-0.10499998461455108,-0.02204227144541546,1573,True,Midline_40_4.csv,5.0
59,P01,40,0.15,4,968.7948827312706,1.0000612763409436,-2,-0.022062625735998157,8.00034236907959,359.99476369144395,0.009999999776482582,0.2450000075623393,0.004062600397484915,0.1326563354150494,0.016582041926881175,-0.10499998461455108,-0.02216795431514469,1600,True,Midline_40_4.csv,5.0
60,P01,40,0.15,4,968.8114856011164,1.0166867852288988,-2,-0.022074783220887184,8.133365631103517,359.9988375328248,0.009999999776482582,0.2450000075623393,0.004073841436942703,0.1330233897533617,0.016627923719170212,-0.10499998461455108,-0.022090164769004737,1626,True,Midline_40_4.csv,5.0
61,P01,40,0.15,4,968.8282315497087,1.0334291115746057,-2,-0.022077502682805058,8.267362594604492,0.0029411776922643185,0.009999999776482582,0.2450000075623393,0.0041036449822792476,0.13399656671390406,0.016749570839238004,-0.10499998461455108,-0.022078609034135603,1653,True,Midline_40_4.csv,5.0
62,P01,40,0.15,4,968.8447791802915,1.049963762439802,-2,-0.022070711478590962,8.399661064147951,0.006992833223193885,0.009999999776482582,0.2450000075623393,0.0040516551748600955,0.13229894040159704,0.01653736755019963,-0.10499998461455108,-0.022164496072873727,1679,True,Midline_40_4.csv,5.0
63,P01,40,0.15,4,968.8614460431633,1.0666445105906632,-2,-0.02205442637205124,8.533095359802246,0.01107924710959196,0.009999999776482582,0.2450000075623393,0.004086413652093139,0.13343391105172486,0.016679238881465608,-0.10499998461455108,-0.022058596490396418,1706,True,Midline_40_4.csv,5.0
64,P01,40,0.15,4,968.8781675415903,1.083374762780636,-2,-0.022028539329767227,8.666966438293457,0.0151790464296937,0.009999999776482582,0.2450000075623393,0.0040997993635342326,0.13387099549345294,0.016733874436681617,-0.10499998461455108,-0.022041039823812628,1733,True,Midline_40_4.csv,5.0
65,P01,40,0.15,4,968.8950589837607,1.0999987623990821,-2,-0.021993309259414676,8.799948692321777,0.0192516315728426,0.009999999776482582,0.2450000075623393,0.0040725842154025905,0.13298233762270684,0.016622792202838355,-0.10499998461455108,-0.022103008697423817,1759,True,Midline_40_4.csv,5.0
66,P01,40,0.15,4,968.9115540917653,1.1167604073941677,-2,-0.021948253735899925,8.934041976928711,0.023358236998319626,0.009999999776482582,0.2450000075623393,0.004106603150553215,0.13409315996068472,0.01676164499508559,-0.10499998461455108,-0.021983847280444974,1786,True,Midline_40_4.csv,5.0
67,P01,40,0.15,4,968.928209484189,1.1334170072333336,-2,-0.02189392782747745,9.067296981811523,0.02743917889893055,0.009999999776482582,0.2450000075623393,0.004080941040766801,0.13325521354454395,0.016656901693067994,-0.10499998461455108,-0.021900505473953072,1813,True,Midline_40_4.csv,5.0
68,P01,40,0.15,4,968.944936415986,1.1501466557153892,-2,-0.021829865872859955,9.201064109802246,0.0315357968211174,0.009999999776482582,0.2450000075623393,0.00409661933263554,0.13376715775302728,0.01672089471912841,-0.10499998461455108,-0.0219049223487226,1840,True,Midline_40_4.csv,5.0
69,P01,40,0.15,4,968.9615027615104,1.1667081715773977,-2,-0.02175690233707428,9.33362865447998,0.035595592111349106,0.009999999776482582,0.2450000075623393,0.004059790137627432,0.1325645718306987,0.016570571478837337,-0.10499998461455108,-0.02176855326933131,1866,True,Midline_40_4.csv,5.0
70,P01,40,0.15,4,968.9781844152228,1.18339073085167,-2,-0.021673988550901413,9.46708869934082,0.03968282416462898,0.009999999776482582,0.2450000075623393,0.0040872271483559435,0.13346047419418028,0.01668255927427254,-0.10499998461455108,-0.02169144406018891,1893,True,Midline_40_4.csv,5.0
71,P01,40,0.15,4,968.9949345897699,1.2001206811876273,-2,-0.02158152498304844,9.600592613220217,0.04377138614654541,0.008999999612569809,0.2450000075623393,0.004088558324104298,0.13350394115605013,0.01668799264450627,-0.06999997887760401,-0.021715484057282918,1920,True,Midline_40_4.csv,5.0
72,P01,40,0.15,4,969.0115936044403,1.2168032404620135,-2,-0.021479377523064613,9.734301567077637,0.04786622896790505,0.008000000379979609,0.2450000075623393,0.004094844431665589,0.13370920180477694,0.016713650225597117,-0.03500000573694706,-0.02151630167043936,1946,True,Midline_40_4.csv,5.0
73,P01,40,0.15,4,969.0281771556367,1.2333834712654834,-2,-0.0213684905320406,9.867033004760742,0.05193112045526505,0.008000000379979609,0.2450000075623393,0.004064892977884706,0.13273119518089516,0.016591399397611898,-0.03500000573694706,-0.02139431018269939,1973,True,Midline_40_4.csv,5.0
74,P01,40,0.15,4,969.0448965410865,1.2500690490787747,-2,-0.0212475024163723,10.00051975250244,0.05601916462182999,0.008000000379979609,0.2450000075623393,0.004088040644646605,0.1334870373375452,0.01668587966719315,-0.03500000573694706,-0.021382095455148527,1999,True,Midline_40_4.csv,5.0
75,P01,40,0.15,4,969.0615525372177,1.266759758408284,-2,-0.021117040887475014,10.133954048156738,0.0601055808365345,0.0070000002160668364,0.2450000075623393,0.004086413652093139,0.13343391105172486,0.016679238881465608,0.0,-0.02113171709780016,2026,True,Midline_40_4.csv,5.0
76,P01,40,0.15,4,969.078183479476,1.2833913043740497,-2,-0.020977377891540527,10.267088890075684,0.0641828253865242,0.0070000002160668364,0.2450000075623393,0.004077243330438268,0.13313447198652284,0.016641808998315355,0.0,-0.02100725150064227,2053,True,Midline_40_4.csv,5.0
77,P01,40,0.15,4,969.0949055816104,1.300087145219777,-2,-0.02082783728837967,10.400583267211914,0.06827108561992645,0.0070000002160668364,0.2450000075623393,0.004088262507243478,0.13349428183028067,0.016686785228785084,0.0,-0.020958184441917674,2079,True,Midline_40_4.csv,5.0
78,P01,40,0.15,4,969.1114833975827,1.3166900150655465,-2,-0.02066948264837265,10.533480644226074,0.07234108448028563,0.0070000002160668364,0.2450000075623393,0.004069995818169835,0.1328978185320011,0.016612227316500142,0.0,-0.020670346644222886,2106,True,Midline_40_4.csv,5.0
79,P01,40,0.15,4,969.1281895014612,1.3333985337749257,-2,-0.02050071395933628,10.66714859008789,0.0764346718788147,0.0070000002160668364,0.2450000075623393,0.0040935872101533315,0.1336681496750316,0.01670851870937895,0.0,-0.02053494884738963,2133,True,Midline_40_4.csv,5.0
80,P01,40,0.15,4,969.1449049628101,1.350077168948587,-2,-0.02032271213829517,10.800580024719238,0.08052100986242294,0.0070000002160668364,0.2450000075623393,0.004086339697884896,0.13343149622050987,0.016678937027563734,0.0,-0.02044204009155609,2159,True,Midline_40_4.csv,5.0
81,P01,40,0.15,4,969.1615268494513,1.366734976203361,-2,-0.0201354268938303,10.933844566345217,0.0846022516489029,0.0070000002160668364,0.2450000075623393,0.004081236857599768,0.13326487286940392,0.01665810910867549,0.0,-0.020139972493500496,2186,True,Midline_40_4.csv,5.0
82,P01,40,0.15,4,969.1782245014205,1.3834347411496992,-2,-0.019938157871365547,11.067442893981934,0.08869369328022003,0.0070000002160668364,0.2450000075623393,0.004091442538170022,0.13359811957161585,0.016699764946451978,0.0,-0.019964027502723903,2213,True,Midline_40_4.csv,5.0
83,P01,40,0.15,4,969.1949170218733,1.4001091503688483,-2,-0.01973181590437889,11.200738906860352,0.09219271689653397,0.0070000002160668364,0.21000000182539225,0.003499027004364841,0.13329626567428932,0.01666203320928616,-0.03500000573694706,-0.019858483392868,2239,True,Midline_40_4.csv,5.0
84,P01,40,0.15,4,969.2115431344687,1.4167452241431417,-2,-0.019517531618475914,11.333911895751953,0.09452324360609056,0.0070000002160668364,0.14000000664964318,0.002330529523182639,0.1331731092850532,0.016646638660631652,-0.10500000091269612,-0.019521041515146137,2266,True,Midline_40_4.csv,5.0
85,P01,40,0.15,4,969.2282407864379,1.4334483094824009,-2,-0.019297078251838684,11.467541694641113,0.0962771326303482,0.0070000002160668364,0.10500000091269612,0.0017538873651869707,0.13362951237650122,0.016703689047062653,-0.14000000664964318,-0.0193252034599405,2293,True,Midline_40_4.csv,5.0
86,P01,40,0.15,4,969.2450289945759,1.4502362157663806,-2,-0.01907374709844589,11.600448608398438,0.09569565951824187,0.0070000002160668364,-0.0350000016624108,-0.0005814702432421206,0.13290747785686108,0.016613434732107638,-0.2800000092247501,-0.019160765741599042,2319,True,Midline_40_4.csv,5.0
87,P01,40,0.15,4,969.2616104327949,1.4668173521315566,-2,-0.01884985715150833,11.734498023986815,0.09334979206323624,0.0070000002160668364,-0.14000000664964318,-0.002345869738918005,0.13404969299972436,0.016756211624965545,-0.3850000142119825,-0.018868176816621986,2346,True,Midline_40_4.csv,5.0
88,P01,40,0.15,4,969.2782123970793,1.4834196182695225,-2,-0.01863346621394157,11.867313385009766,0.08986338973045349,0.0070000002160668364,-0.21000000182539225,-0.003486412529958494,0.13281571427251038,0.016601964284063797,-0.4550000093877316,-0.018685655593193903,2373,True,Midline_40_4.csv,5.0
89,P01,40,0.15,4,969.2950682204896,1.5002123542159325,-2,-0.018423618748784062,12.00110912322998,0.0840098187327385,0.006000000052154064,-0.3499999921768904,-0.005853580807205294,0.13379613572669768,0.01672451696583721,-0.5599999940022826,-0.018574095779031418,2399,True,Midline_40_4.csv,5.0
90,P01,40,0.15,4,969.3116849756148,1.516861407707779,-2,-0.01822824403643608,12.134356498718262,0.07643134146928787,0.004000000189989804,-0.4550000093877316,-0.0075784783961319,0.13324796905089895,0.016655996131362368,-0.5950000160373747,-0.018236988623878618,2426,True,Midline_40_4.csv,5.0
91,P01,40,0.15,4,969.3282781861357,1.5334718239008682,-2,-0.01805048435926437,12.267611503601074,0.06710347533226013,0.003000000026077032,-0.5600000265985727,-0.009327865391231552,0.13325521354545344,0.01665690169318168,-0.6650000275112689,-0.01809183542473556,2453,True,Midline_40_4.csv,5.0
92,P01,40,0.15,4,969.3450292662444,1.5502277336719317,-2,-0.01789357140660286,12.401591300964355,0.055380254983901984,-0.001000000047497451,-0.6999999843537807,-0.011723220241313023,0.1339796628953991,0.016747457861924886,-0.6649999826913701,-0.018038866732652824,2480,True,Midline_40_4.csv,5.0
93,P01,40,0.15,4,969.3616016488468,1.5668037385208893,-2,-0.01776530779898167,12.53429126739502,0.04318846017122269,-0.002000000094994902,-0.7349999900907278,-0.012191794178926088,0.13269980237600976,0.01658747529700122,-0.6649999867659062,-0.017769252947595137,2506,True,Midline_40_4.csv,5.0
94,P01,40,0.15,4,969.3782775673352,1.583478751447842,-2,-0.017664745450019836,12.66770076751709,0.029764104634523388,-0.003000000026077032,-0.8050000015646219,-0.013424357401853227,0.13340976274048444,0.016676220342560555,-0.7000000006519258,-0.017709503264446914,2533,True,Midline_40_4.csv,5.0
95,P01,40,0.15,4,969.394923602288,1.6000852435403203,-2,-0.017595738172531128,12.800540924072266,0.015234745107591154,-0.004000000189989804,-0.875000013038516,-0.01452936018660208,0.1328398625837508,0.01660498282296885,-0.7350000063888729,-0.01766310879514349,2559,True,Midline_40_4.csv,5.0
96,P01,40,0.15,4,969.4116460062767,1.6168490015126054,-2,-0.0175600778311491,12.934653282165527,0.0005661925533786416,-0.004999999888241291,-0.875000013038516,-0.014668552566491997,0.13411247860949516,0.016764059826186894,-0.7000000169500709,-0.017570718145584464,2586,True,Midline_40_4.csv,5.0
97,P01,40,0.15,4,969.4282455557296,1.6334497583810617,-2,-0.01755876466631889,13.067463874816895,359.98604000173515,-0.006000000052154064,-0.875000013038516,-0.014526190720684647,0.1328108846100804,0.01660136057626005,-0.6650000112131238,-0.017633357873249666,2613,True,Midline_40_4.csv,5.0
98,P01,40,0.15,4,969.4449136260167,1.6501181305222872,-2,-0.017591238021850586,13.200740814208984,359.9714628309012,-0.006000000052154064,-0.875000013038516,-0.014577166298128453,0.13327694702547888,0.01665961837818486,-0.6650000112131238,-0.01766531615054753,2639,True,Midline_40_4.csv,5.0
99,P01,40,0.15,4,969.4615717351256,1.6667756359231591,-2,-0.017657630145549774,13.334041595458984,359.95688302442426,-0.006000000052154064,-0.875000013038516,-0.01457980751980921,0.1333010953376288,0.0166626369172036,-0.6650000112131238,-0.017658074934530525,2666,True,Midline_40_4.csv,5.0
100,P01,40,0.15,4,969.4781960365981,1.6833987299798991,-2,-0.017757782712578773,13.467127799987793,359.942326720804,-0.006000000052154064,-0.875000013038516,-0.014556300647248397,0.1330861753631325,0.016635771920391562,-0.6650000112131238,-0.017879339264843457,2693,True,Midline_40_4.csv,5.0
101,P01,40,0.15,4,969.49501865608,1.7002276883938519,-2,-0.01789323054254055,13.601689338684082,359.92760904133314,-0.0070000002160668364,-0.875000013038516,-0.014717679288858747,0.1345616372072982,0.016820204650912274,-0.6300000054761767,-0.01805877117404666,2719,True,Midline_40_4.csv,5.0
102,P01,40,0.15,4,969.5115436476207,1.7167529817883178,-2,-0.01806037314236164,13.733978271484375,359.91313989460474,-0.0070000002160668364,-0.875000013038516,-0.014469140333474585,0.1322892810776466,0.016536160134705824,-0.6300000054761767,-0.01806309725491999,2746,True,Midline_40_4.csv,5.0
103,P01,40,0.15,4,969.5282325458268,1.7334385596014954,-2,-0.018262596800923347,13.86737060546875,359.8985500410199,-0.008999999612569809,-0.875000013038516,-0.014589844161997125,0.1333928589219795,0.016674107365247437,-0.5600000265985727,-0.018367852773638633,2773,True,Midline_40_4.csv,5.0
104,P01,40,0.15,4,969.544926575549,1.7501211188757682,-2,-0.018498457968235016,14.000576972961426,359.88398052006966,-0.009999999776482582,-0.875000013038516,-0.01456950675535374,0.1332069169211536,0.0166508646151442,-0.5250000208616257,-0.01853747976150448,2799,True,Midline_40_4.csv,5.0
105,P01,40,0.15,4,969.5616504888072,1.7668552951663514,-2,-0.018769893795251846,14.134623527526855,359.8693190962077,-0.012000000104308128,-0.875000013038516,-0.014661421268152909,0.13404727816850934,0.016755909771063667,-0.4550000093877316,-0.018771029926708076,2826,True,Midline_40_4.csv,5.0
106,P01,40,0.15,4,969.5782421900586,1.7834482038334727,-2,-0.019072849303483963,14.267451286315918,359.85479106009,-0.014000000432133676,-0.875000013038516,-0.014528039575761703,0.13282778842767584,0.01660347355345948,-0.38499999791383743,-0.01917825127634584,2853,True,Midline_40_4.csv,5.0
107,P01,40,0.15,4,969.5949374271967,1.800136800185669,-2,-0.019410604611039158,14.400720596313475,359.83904857933516,-0.017000000923871994,-0.9450000245124102,-0.015742484020025514,0.1332697025327434,0.016658712816592924,-0.3499999921768904,-0.01944895391291221,2879,True,Midline_40_4.csv,5.0
108,P01,40,0.15,4,969.6116012715294,1.8167994371028728,-2,-0.01978570967912674,14.534250259399414,359.82210689783096,-0.019999999552965164,-1.014999970793724,-0.016941682245266404,0.13353050429759605,0.01669131303719951,-0.3149999864399433,-0.019787861076598502,2906,True,Midline_40_4.csv,5.0
109,P01,40,0.15,4,969.6282473064822,1.83345241469533,-2,-0.020199405029416084,14.667492866516113,359.804035782814,-0.024000000208616257,-1.0849999822676182,-0.018071100484344682,0.13324313938937848,0.01665539242367231,-0.2449999749660492,-0.0203073835790237,2933,True,Midline_40_4.csv,5.0
110,P01,40,0.15,4,969.6449470714284,1.85015187778788,-2,-0.02065576985478401,14.800923347473145,359.7841878533364,-0.027000000700354576,-1.1900000646710396,-0.01984793614144504,0.13343149622050987,0.016678937027563734,-0.24500004015862945,-0.020696541712660155,2959,True,Midline_40_4.csv,5.0
111,P01,40,0.15,4,969.6615988416057,1.86676621808158,-2,-0.021157028153538704,14.934000968933105,359.7626456916332,-0.03099999949336052,-1.2950000166893003,-0.021542152212122568,0.13307893086948752,0.01663486635868594,-0.21000003442168214,-0.02116751163593258,2986,True,Midline_40_4.csv,5.0
112,P01,40,0.15,4,969.6782334061104,1.88343911803122,-2,-0.021709561347961426,15.067378044128418,359.7387209534645,-0.03500000014901161,-1.4350000396370888,-0.023924745767876218,0.13337836993468954,0.01667229624183619,-0.2100000344216824,-0.021834370473296647,3013,True,Midline_40_4.csv,5.0
113,P01,40,0.15,4,969.6951097555858,1.900176916568512,-2,-0.022319462150335312,15.201122283935547,359.71121954917913,-0.03799999877810478,-1.644999943673611,-0.027501401924274388,0.13374542427209235,0.016718178034011544,-0.31499998643994354,-0.022361613724696024,3039,True,Midline_40_4.csv,5.0
114,P01,40,0.15,4,969.7117162476784,1.9169141113980004,-2,-0.02299504354596138,15.335160255432127,359.6807254254818,-0.04100000113248825,-1.8200000375509264,-0.03049410829019758,0.1340400336748644,0.01675500420935805,-0.3849999979138377,-0.02299799011888179,3066,True,Midline_40_4.csv,5.0
115,P01,40,0.15,4,969.7282699153391,1.9334759291139108,-2,-0.023733459413051602,15.467672348022461,359.6465202867985,-0.0430000014603138,-2.0650000125169754,-0.034205140417147964,0.13251386037700286,0.016564232547125357,-0.5599999614059925,-0.02383172743406809,3093,True,Midline_40_4.csv,5.0
116,P01,40,0.15,4,969.7450822717886,1.9502891911251936,-2,-0.024563228711485863,15.602169036865234,359.60709527134895,-0.04600000008940697,-2.345000058412552,-0.03942497685631127,0.1344988515966179,0.016812356449577237,-0.735000055283308,-0.024670123411750625,3119,True,Midline_40_4.csv,5.0
117,P01,40,0.15,4,969.7615861335564,1.96679184547736,-2,-0.025468571111559868,15.734189987182615,359.56435257196426,-0.04800000041723251,-2.590000033378601,-0.04274265712456202,0.13202364964854496,0.01650295620606812,-0.9100000187754632,-0.025478950078776583,3146,True,Midline_40_4.csv,5.0
118,P01,40,0.15,4,969.7783378173731,1.983538699631595,-2,-0.0264871995896101,15.868156433105467,359.51629081368446,-0.050999999046325684,-2.8700000792741776,-0.04806174010880242,0.1339700035714486,0.016746250446431073,-1.0850001126527786,-0.02654848951979981,3173,True,Midline_40_4.csv,5.0
119,P01,40,0.15,4,969.7949606095758,2.000150323240291,-2,-0.027607031166553497,16.000799179077152,359.46290051937103,-0.05400000140070915,-3.220000006258488,-0.0533902872300722,0.13264667609018946,0.016580834511273682,-1.3299999572336678,-0.02761859621755617,3199,True,Midline_40_4.csv,5.0
120,P01,40,0.15,4,969.8115764591389,2.0167616449950856,-2,-0.028855126351118088,16.13393783569336,359.4040673971176,-0.0560000017285347,-3.5350001230835915,-0.05883306507169951,0.1331441313113828,0.01664301641392285,-1.575000062584877,-0.02864713706414665,3227,True,Midline_40_4.csv,5.0
121,P01,40,0.15,4,969.8282508683583,2.033431224551805,-2,-0.030241211876273155,16.26719856262207,359.33993250131607,-0.061000000685453415,-3.8499999791383743,-0.06413488185840131,0.1332672877006189,0.016658410962577364,-1.7149999551475048,-0.029445105543659606,3253,True,Midline_40_4.csv,5.0
122,P01,40,0.15,4,969.8449602926293,2.0501246505664312,-2,-0.03177949786186218,16.400720596313473,359.2686605453491,-0.06599999964237213,-4.270000047981739,-0.07127190747020556,0.13353050429850555,0.01669131303731319,-1.9600000604987144,-0.029787990046609838,3280,True,Midline_40_4.csv,5.0
123,P01,40,0.15,4,969.8616374185333,2.066817774727042,-2,-0.033482518047094345,16.534133911132812,359.19219172000885,-0.07199999690055847,-4.584999904036521,-0.07646877267047753,0.1334242517268649,0.016678031465858112,-2.0650000125169745,-0.029917081931843805,3307,True,Midline_40_4.csv,5.0
124,P01,40,0.15,4,969.8781666360285,2.0833687257027123,-2,-0.0353524275124073,16.666753768920902,359.1109545230865,-0.07999999821186066,-4.900000020861627,-0.0812372149469484,0.13263218710380895,0.016579023387976122,-2.100000083446504,-0.029876584386701224,3333,True,Midline_40_4.csv,5.0
125,P01,40,0.15,4,969.8948510064263,2.1000310607659003,-2,-0.03742082044482231,16.800043106079098,359.02288925647736,-0.08900000154972076,-5.284999758005141,-0.08806522267014444,0.13330592499914928,0.01666324062489366,-2.1699997037649146,-0.029420705427319806,3360,True,Midline_40_4.csv,5.0
126,P01,40,0.15,4,969.9116289515317,2.1168310412058418,-2,-0.03970717638731003,16.934097290039062,358.92903757095337,-0.10000000149011612,-5.599999874830246,-0.09385168681992664,0.13407384131096478,0.016759230163870598,-2.099999822676182,-0.028791623417586367,3387,True,Midline_40_4.csv,5.0
127,P01,40,0.15,4,969.9281786950916,2.133377162519082,-2,-0.04218675568699837,17.06673812866211,358.8309494256973,-0.10999999940395357,-5.91499999165535,-0.098088134256612,0.13266357990869435,0.016582947488586797,-2.0650000125169754,-0.028054709270412145,3414,True,Midline_40_4.csv,5.0
128,P01,40,0.15,4,969.9449548290736,2.1501584280173347,-2,-0.04492631927132607,17.200986862182614,358.72461903095245,-0.119999997317791,-6.3349997997283936,-0.10633034825910666,0.13427668712938612,0.01678458589117326,-2.134999893605709,-0.026950369935974557,3440,True,Midline_40_4.csv,5.0
129,P01,40,0.15,4,969.9615516618416,2.1667576756163958,-2,-0.04788217693567276,17.333755493164062,358.61306595802307,-0.1289999932050705,-6.720000058412553,-0.11155303021000644,0.13280122528612992,0.01660015316076624,-2.2050002962350854,-0.02562606974184144,3467,True,Midline_40_4.csv,5.0
130,P01,40,0.15,4,969.9782502193724,2.183453818316025,-2,-0.05111493542790413,17.467277526855472,358.4950305223465,-0.13899999856948853,-7.070000246167183,-0.11803533067494125,0.13356189710339095,0.01669523713792387,-2.2050002962350845,-0.02422780031024104,3494,True,Midline_40_4.csv,5.0
131,P01,40,0.15,4,969.9950127699292,2.2002154633109967,-2,-0.05463645607233048,17.601314544677734,358.3689081668854,-0.14800000190734866,-7.525000125169754,-0.1261222948834725,0.13408350063582475,0.016760437579478094,-2.345000058412552,-0.02268023617513417,3521,True,Midline_40_4.csv,5.0
132,P01,40,0.15,4,970.0116609178592,2.216868139049666,-2,-0.05842875689268112,17.7344913482666,358.2360101938248,-0.16099999845027926,-7.980000004172325,-0.13289798763970567,0.13323106523330353,0.01665388315416294,-2.345000058412552,-0.02080463051673517,3547,True,Midline_40_4.csv,5.0
133,P01,40,0.15,4,970.028245978325,2.2334516902460564,-2,-0.06251240521669388,17.867090225219727,358.09729635715485,-0.17399999499320984,-8.364999741315843,-0.13871382644447167,0.13266116507747938,0.016582645634684926,-2.274999916553499,-0.0189446960690544,3574,True,Midline_40_4.csv,5.0
134,P01,40,0.15,4,970.0449855879857,2.2501668497410487,-2,-0.06694352626800537,18.00047492980957,357.9501588344574,-0.1889999955892563,-8.820000141859055,-0.14713751281419848,0.1334580593629653,0.01668225742037066,-2.2050002962350845,-0.01699696472115281,3600,True,Midline_40_4.csv,5.0
135,P01,40,0.15,4,970.06160385238,2.266783604866077,-2,-0.07170775532722473,18.13358497619629,357.7969012260437,-0.20499999821186066,-9.205000400543213,-0.15325732262640138,0.13319484276598814,0.016649355345748518,-2.0300004631280903,-0.01474742033744909,3627,True,Midline_40_4.csv,5.0
136,P01,40,0.15,4,970.078325652661,2.2835120459325253,-2,-0.07685252279043198,18.267318725585934,357.6370551586151,-0.2189999967813492,-9.555000066757204,-0.1598460239347586,0.13383235819401307,0.01672904477425163,-1.8900001794099823,-0.012548368182748636,3654,True,Midline_40_4.csv,5.0
137,P01,40,0.15,4,970.0951663833767,2.3001466104373094,-2,-0.08233461529016495,18.400171279907227,357.47184562683105,-0.23100000619888306,-9.940000325441359,-0.16520955691190733,0.1329654338051114,0.016620679225638924,-1.855000108480452,-0.01046594310569047,3680,True,Midline_40_4.csv,5.0
138,P01,40,0.15,4,970.1116328152617,2.316834904935717,-2,-0.0882287323474884,18.533662796020508,357.30114316940313,-0.2430000007152557,-10.219999849796297,-0.17070244471152893,0.13362226788285625,0.01670278348535703,-1.714999824762346,-0.007928182461462941,3707,True,Midline_40_4.csv,5.0
139,P01,40,0.15,4,970.128209725672,2.3334124190540706,-2,-0.09447335451841354,18.666135787963867,357.12707924842834,-0.25200000405311584,-10.500000417232512,-0.17406390516057876,0.132620112947734,0.016577514118466752,-1.6800002753734569,-0.005735411758434972,3734,True,Midline_40_4.csv,5.0
140,P01,40,0.15,4,970.1449272999984,2.3501118821466207,-2,-0.10116953402757643,18.79956817626953,356.9470522403717,-0.25999999046325684,-10.779999941587448,-0.18002671913109547,0.13360053440192132,0.016700066800240162,-1.6800002753734589,-0.0036611161814843842,3760,True,Midline_40_4.csv,5.0
141,P01,40,0.15,4,970.1615751460747,2.366778141310533,-2,-0.10827039927244186,18.932706832885746,356.76330995559687,-0.2660000026226044,-11.024999916553496,-0.18374217795215014,0.1333276584800842,0.016665957310010526,-1.7149998247623426,-0.0006832735538285232,3787,True,Midline_40_4.csv,5.0
142,P01,40,0.15,4,970.1783328669693,2.383522278779651,-2,-0.11583268642425534,19.066431045532227,356.5757956504822,-0.2720000147819519,-11.199999749660492,-0.18751405088064946,0.13393861076565372,0.016742326345706715,-1.6799992322921753,0.0020330863702294594,3814,True,Midline_40_4.csv,5.0
143,P01,40,0.15,4,970.1949719592824,2.4001637859240645,-2,-0.12377892434597015,19.199234008789066,356.38604640960693,-0.2770000100135803,-11.410000175237654,-0.18974872161978626,0.13304029357095715,0.016630036696369643,-1.7149998247623426,0.004880802320001638,3840,True,Midline_40_4.csv,5.0
144,P01,40,0.15,4,970.2114954415532,2.4166987386431633,-2,-0.13212338089942932,19.33135223388672,356.1949212551117,-0.2809999883174896,-11.550000458955765,-0.19112514082538906,0.1323810446619973,0.016547630582749658,-1.7150008678436282,0.006833101695395062,3867,True,Midline_40_4.csv,5.0
145,P01,40,0.15,4,970.2283084017108,2.433484531949944,-2,-0.14102821052074432,19.465240478515625,356.0000176429748,-0.2840000092983246,-11.619999557733536,-0.19490359403097748,0.13418492354503542,0.016773115443129427,-1.6799992322921753,0.009411413890394314,3894,True,Midline_40_4.csv,5.0
146,P01,40,0.15,4,970.2449583607643,2.4501399243735023,-2,-0.15032072365283966,19.598129272460934,355.80419301986694,-0.289000004529953,-11.759999841451645,-0.1958248146396432,0.13321416141479858,0.016651770176849826,-1.6449996829032898,0.011932651545341415,3920,True,Midline_40_4.csv,5.0
147,P01,40,0.15,4,970.2615533824088,2.46675335910561,-2,-0.16005323827266693,19.730792999267575,355.607488155365,-0.2919999957084656,-11.8299999833107,-0.19670476638862106,0.1330209749221467,0.016627621865268342,-1.6100001335144043,0.014251357214301838,3947,True,Midline_40_4.csv,5.0
148,P01,40,0.15,4,970.2783240830206,2.483511080000085,-2,-0.17032141983509064,19.86446762084961,355.4080605506897,-0.2949999868869781,-11.900000125169756,-0.1994276569248687,0.1340690116485348,0.01675862645606685,-1.5750005841255206,0.01675937750337362,3974,True,Midline_40_4.csv,5.0
149,P01,40,0.15,4,970.2949257454508,2.5001000645665954,-2,-0.18094094097614288,19.99668884277344,355.21016788482666,-0.2960000038146973,-11.93499967455864,-0.197892254495962,0.13264667609018946,0.016580834511273682,-1.5749995410442352,0.01917898944153197,4000,True,Midline_40_4.csv,5.0
150,P01,40,0.15,4,970.3115923064687,2.5167774923246498,-2,-0.19208179414272308,20.1296443939209,355.0099511146545,-0.2980000078678131,-12.004999816417696,-0.2002161409297986,0.1334218368956499,0.016677729611956238,-1.5749995410442368,0.021550835855166872,4027,True,Midline_40_4.csv,5.0
151,P01,40,0.15,4,970.3282495100156,2.533450995982093,-2,-0.20368991792202,20.262592315673828,354.8091034889221,-0.29899999499320984,-12.040000408887865,-0.2008471175216002,0.1334532297014448,0.0166816537126806,-1.5750005841255206,0.02402521903049111,4054,True,Midline_40_4.csv,5.0
152,P01,40,0.15,4,970.344983686306,2.55018788895768,-2,-0.2157963514328003,20.39585494995117,354.6065473556518,-0.3009999990463257,-12.109999507665634,-0.20255582492585264,0.13381062471398766,0.016726328089248454,-1.5749995410442352,0.02637710462931441,4080,True,Midline_40_4.csv,5.0
153,P01,40,0.15,4,970.3615436928985,2.5667500085273787,-2,-0.2282591909170151,20.52785873413086,354.4052572250366,-0.3019999861717224,-12.145000100135805,-0.2012899184407596,0.1325911349731541,0.016573891871644264,-1.5750005841255206,0.028662120840239936,4107,True,Midline_40_4.csv,5.0
154,P01,40,0.15,4,970.3782778691893,2.5834693939769977,-2,-0.2412989437580109,20.66097450256348,354.20161867141724,-0.3050000071525574,-12.179999649524687,-0.20363843233620896,0.13375266876573733,0.016719083595717166,-1.5049993991851789,0.031052225652106157,4134,True,Midline_40_4.csv,5.0
155,P01,40,0.15,4,970.3948858705513,2.6000517377577808,-2,-0.25470927357673645,20.79303359985352,353.9983630180359,-0.3050000071525574,-12.249999791383743,-0.20325573229160768,0.13273843967544965,0.016592304959431203,-1.5749995410442352,0.033255242559280376,4160,True,Midline_40_4.csv,5.0
156,P01,40,0.15,4,970.4115602797702,2.6167678028145933,-2,-0.2686922550201416,20.9260368347168,353.79240989685064,-0.3050000071525574,-12.319999933242798,-0.20595307690275969,0.13373576494723238,0.016716970618404048,-1.6449996829032898,0.03553080055839348,4187,True,Midline_40_4.csv,5.0
157,P01,40,0.15,4,970.428238914944,2.6334467398421566,-2,-0.28311067819595337,21.058597564697266,353.58531284332275,-0.3070000112056732,-12.424999624490738,-0.20709701652636409,0.13334214746737416,0.01666776843342177,-1.6799992322921753,0.03780651464528355,4213,True,Midline_40_4.csv,5.0
158,P01,40,0.15,4,970.4449136260167,2.6500927747949845,-2,-0.29798927903175354,21.190937042236328,353.37731313705444,-0.3089999854564667,-12.494999766349792,-0.20799974617510192,0.1331731092850532,0.016646638660631652,-1.6800002753734589,0.039924365063076526,4240,True,Midline_40_4.csv,5.0
159,P01,40,0.15,4,970.4615928648984,2.666799784234854,-2,-0.31340447068214417,21.323705673217773,353.1673812866211,-0.3100000023841858,-12.564999908208847,-0.2099311576669043,0.13366090518138662,0.016707613147673328,-1.7149998247623444,0.042092851910418984,4267,True,Midline_40_4.csv,5.0
160,P01,40,0.15,4,970.4787508440587,2.6835315456942226,-2,-0.3293289840221405,21.45660972595215,352.9565606117248,-0.3129999935626984,-12.600000500679016,-0.21082020276528496,0.13385409167494802,0.0167317614593685,-1.6450007259845734,0.04425199169188097,4293,True,Midline_40_4.csv,5.0
161,P01,40,0.15,4,970.4951508680864,2.700137434078897,-2,-0.34560710191726685,21.58835792541504,352.7463173866272,-0.3149999976158142,-12.669999599456787,-0.210243619632697,0.1327505138306151,0.016593814228826886,-1.6449996829032898,0.046231042585895665,4320,True,Midline_40_4.csv,5.0
162,P01,40,0.15,4,970.5115300641952,2.7167369835317463,-2,-0.3623862266540527,21.720184326171875,352.53527069091797,-0.3160000145435333,-12.705000191926956,-0.2110468460828248,0.13289057403835616,0.016611321754794517,-1.6449996829032898,0.04828592090839413,4347,True,Midline_40_4.csv,5.0
163,P01,40,0.15,4,970.5282738998103,2.733478706169649,-2,-0.3797844648361206,21.852968215942386,352.3214173316956,-0.31700000166893005,-12.77500033378601,-0.2138523751866324,0.13391929211684328,0.01673991151460541,-1.6800002753734589,0.05022395600052389,4373,True,Midline_40_4.csv,5.0
164,P01,40,0.15,4,970.5449489127375,2.750116289213452,-2,-0.3975597620010376,21.98480796813965,352.10781621932983,-0.3190000057220459,-12.845000475645065,-0.2136011973343235,0.13303304907731214,0.016629131134664018,-1.6800002753734589,0.05211057344137302,4400,True,Midline_40_4.csv,5.0
165,P01,40,0.15,4,970.5615336713491,2.766740288831897,-2,-0.4158324301242829,22.11662483215332,351.8929805755615,-0.3199999928474426,-12.914999574422836,-0.21483539349999545,0.13307651603827253,0.016634564504784066,-1.7149998247623444,0.05400121104580108,4426,True,Midline_40_4.csv,5.0
166,P01,40,0.15,4,970.5782563771918,2.7834620891127315,-2,-0.4347081780433655,22.249135971069336,351.67572689056396,-0.3199999928474426,-12.98499971628189,-0.21725407865713586,0.133849262012518,0.01673115775156475,-1.7849999666213991,0.0557678055951682,4453,True,Midline_40_4.csv,5.0
167,P01,40,0.15,4,970.5949232400636,2.80010601108836,-2,-0.4539719223976135,22.380794525146484,351.4585905075073,-0.3240000009536743,-13.054999858140945,-0.2171366523331536,0.13305961222067708,0.01663245152758464,-1.7149998247623444,0.05750922637334972,4480,True,Midline_40_4.csv,5.0
168,P01,40,0.15,4,970.6115626342306,2.8167695535671555,-2,-0.4737717807292938,22.51262664794922,351.23987770080566,-0.32499998807907104,-13.125,-0.21871295686665349,0.13331075466157927,0.01666384433269741,-1.7500004172325134,0.059196662925408976,4506,True,Midline_40_4.csv,5.0
169,P01,40,0.15,4,970.6282313082255,2.8334382275622834,-2,-0.4940813481807709,22.64442443847656,351.0205087661743,-0.328000009059906,-13.159999549388885,-0.219367687059212,0.13335422162344912,0.01666927770293114,-1.6799992322921753,0.06077865524139162,4533,True,Midline_40_4.csv,5.0
170,P01,40,0.15,4,970.6448752302013,2.8500746031904782,-2,-0.5148275494575499,22.775714874267575,350.8006935119629,-0.3319999873638153,-13.22999969124794,-0.2198157040099907,0.13291955201202654,0.016614944001503318,-1.6100001335144043,0.06236026933626769,4560,True,Midline_40_4.csv,5.0
171,P01,40,0.15,4,970.6615369615567,2.866737843815372,-2,-0.5361649394035339,22.90746688842773,350.57880210876465,-0.3350000083446503,-13.299999833106995,-0.2218900795341559,0.13346771868782525,0.016683464835978157,-1.5749995410442352,0.06379765019651118,4586,True,Midline_40_4.csv,5.0
172,P01,40,0.15,4,970.6782442728503,2.8834466643786527,-2,-0.5580467581748962,23.03934097290039,350.3553924560547,-0.3370000123977661,-13.369999974966051,-0.22340903787275834,0.13367780899989154,0.016709726124986446,-1.5749995410442368,0.06520010049627208,4613,True,Midline_40_4.csv,5.0
173,P01,40,0.15,4,970.6949280395404,2.900096321578303,-2,-0.5803370475769043,23.170507431030273,350.13245487213135,-0.3389999866485596,-13.404999524354935,-0.2229377730590733,0.13304753806460212,0.016630942258075262,-1.5399999916553495,0.06655502866012214,4639,True,Midline_40_4.csv,5.0
174,P01,40,0.15,4,970.7115438891037,2.916745375070036,-2,-0.6032012701034546,23.30195236206055,349.9077262878418,-0.3389999866485596,-13.47499966621399,-0.22472833347309049,0.1334194220644349,0.016677427758054364,-1.6100001335144043,0.06777172780158837,4666,True,Midline_40_4.csv,5.0
175,P01,40,0.15,4,970.7283441713976,2.9335489777566863,-2,-0.6267450451850891,23.43422889709473,349.6808319091797,-0.3400000035762787,-13.510000258684158,-0.22689433525623476,0.13435637655766186,0.016794547069707733,-1.6100001335144043,0.06895469047127709,4693,True,Midline_40_4.csv,5.0
176,P01,40,0.15,4,970.7449231947853,2.9500902694076103,-2,-0.6504352688789368,23.564340591430664,349.45633602142334,-0.3420000076293945,-13.580000400543213,-0.22449547443656198,0.13225064377911622,0.016531330472389527,-1.6100001335144043,0.07004804149068855,4719,True,Midline_40_4.csv,5.0
177,P01,40,0.15,4,970.7616006225436,2.966803315925404,-2,-0.6749276518821716,23.69593048095703,349.22854042053217,-0.3420000076293945,-13.614999949932098,-0.2277947119498601,0.133849262012518,0.01673115775156475,-1.6449996829032898,0.07104522556366108,4746,True,Midline_40_4.csv,5.0
178,P01,40,0.15,4,970.7781974553113,2.9834031672321544,-2,-0.6997340321540833,23.82632255554199,349.00206756591797,-0.3429999947547913,-13.649999499320984,-0.2264725934719887,0.13273119518180465,0.01659139939772558,-1.6449996829032898,0.07200408699184085,4773,True,Midline_40_4.csv,5.0
179,P01,40,0.15,4,970.7949735892934,3.000166925204553,-2,-0.7253168225288391,23.95796012878418,348.77267169952387,-0.3429999947547913,-13.685000091791153,-0.22939550590678576,0.1341004044534202,0.016762550556677525,-1.6800002753734589,0.07282107930845005,4799,True,Midline_40_4.csv,5.0
180,P01,40,0.15,4,970.8115363125708,3.0167432319074123,-2,-0.7511377930641174,24.08803939819336,348.5458116531372,-0.3440000116825104,-13.685000091791153,-0.22685915136221174,0.13261769811651902,0.016577212264564878,-1.6449996829032898,0.07356183639243195,4826,True,Midline_40_4.csv,5.0
181,P01,40,0.15,4,970.8282433220108,3.033450543201184,-2,-0.7776807546615601,24.219038009643555,348.3165836334228,-0.3449999988079071,-13.719999641180037,-0.2292284463910529,0.13366090518138662,0.016707613147673328,-1.644999682903288,0.07425033143080467,4852,True,Midline_40_4.csv,5.0
182,P01,40,0.15,4,970.8449436906649,3.050103822647543,-2,-0.8046576380729675,24.34949493408203,348.08753299713135,-0.3449999988079071,-13.755000233650208,-0.22904925467531345,0.13321657624692307,0.016652072030865384,-1.6800002753734589,0.07479187312150247,4879,True,Midline_40_4.csv,5.0
183,P01,40,0.15,4,970.8615583328127,3.0667531779932915,-2,-0.8321438431739807,24.47978591918945,347.8585834503174,-0.34599998593330383,-13.755000233650208,-0.2289496066635341,0.13315862029776326,0.016644827537220408,-1.6450007259845734,0.0753004525843472,4906,True,Midline_40_4.csv,5.0
184,P01,40,0.15,4,970.8781690508597,3.0833690275566137,-2,-0.8601266145706177,24.60985565185547,347.6298294067383,-0.34599998593330383,-13.755000233650208,-0.2287544626451576,0.13304512323338713,0.01663064040417339,-1.6450007259845734,0.07567464811609459,4932,True,Midline_40_4.csv,5.0
185,P01,40,0.15,4,970.8951238823482,3.1000754332886804,-2,-0.8887417316436768,24.74032783508301,347.4001655578613,-0.34599998593330383,-13.755000233650208,-0.2296637507354425,0.1335739712594659,0.016696746407433242,-1.6450007259845734,0.07598045759098206,4959,True,Midline_40_4.csv,5.0
186,P01,40,0.15,4,970.911609934736,3.116812326264266,-2,-0.9179691672325134,24.87108612060547,347.16979503631586,-0.34599998593330383,-13.755000233650208,-0.23036959080480546,0.13398449255782907,0.016748061569728634,-1.6450007259845734,0.07622253782150304,4986,True,Midline_40_4.csv,5.0
187,P01,40,0.15,4,970.9282028434034,3.1334103664476065,-2,-0.9474378824234008,25.000476837158203,346.94162559509283,-0.3470000028610229,-13.755000233650208,-0.22816903058690044,0.13270463203843974,0.016588079004804968,-1.6100001335144043,0.07631790879098804,5012,True,Midline_40_4.csv,5.0
188,P01,40,0.15,4,970.9448654803205,3.1500594199394527,-2,-0.9775498509407043,25.13030242919922,346.71248054504395,-0.3470000028610229,-13.755000233650208,-0.2291447506834744,0.1332721173630489,0.016659014670381108,-1.6100001335144043,0.07637007630134518,5039,True,Midline_40_4.csv,5.0
189,P01,40,0.15,4,970.9615178542053,3.16672266056446,-2,-1.0081886053085327,25.260040283203125,346.4838600158692,-0.3470000028610229,-13.719999641180037,-0.2286196553959974,0.13330592500005878,0.016663240625007347,-1.5749995410442337,0.076311686741035,5065,True,Midline_40_4.csv,5.0
190,P01,40,0.15,4,970.9783537552588,3.1835588634718306,-2,-1.0395140647888184,25.39035797119141,346.25458431243896,-0.3470000028610229,-13.685000091791153,-0.22927571066032665,0.13403037435000442,0.016753796793750553,-1.5399999916553495,0.07615632437086294,5092,True,Midline_40_4.csv,5.0
191,P01,40,0.15,4,970.994859126296,3.200060310408503,-2,-1.07103431224823,25.519214630126953,346.0282382965088,-0.3470000028610229,-13.649999499320984,-0.2263448639996476,0.1326563354150494,0.016582041926881175,-1.5049993991851809,0.07596403085170113,5119,True,Midline_40_4.csv,5.0
192,P01,40,0.15,4,971.0114979167553,3.2167036286762136,-2,-1.1031851768493652,25.64843559265137,345.80219650268555,-0.3470000028610229,-13.580000400543213,-0.2260408638000781,0.13316103512988775,0.01664512939123597,-1.4350003004074097,0.07561155570020626,5145,True,Midline_40_4.csv,5.0
193,P01,40,0.15,4,971.0281433480003,3.233349965483057,-2,-1.135849118232727,25.777544021606445,345.57787799835205,-0.3470000028610229,-13.47499966621399,-0.22431751787682336,0.1331755241162682,0.016646940514533526,-1.329999566078186,0.07522843518966317,5172,True,Midline_40_4.csv,5.0
194,P01,40,0.15,4,971.0448259072748,3.250032222903428,-2,-1.1690881252288818,25.90679359436035,345.3554239273072,-0.3470000028610229,-13.335000425577164,-0.2224538845783206,0.1334556445317503,0.016681955566468787,-1.1900003254413605,0.07475111049087528,5198,True,Midline_40_4.csv,5.0
195,P01,40,0.15,4,971.0615096739647,3.266713272908192,-2,-1.202824354171753,26.035898208618164,345.1347484588623,-0.3470000028610229,-13.22999969124794,-0.22067431230609785,0.13343874071415485,0.016679842589269356,-1.0849995911121368,0.07418261607552354,5225,True,Midline_40_4.csv,5.0
196,P01,40,0.15,4,971.0782233241902,3.2834254138643932,-2,-1.237122654914856,26.16511535644531,344.9148225784302,-0.3470000028610229,-13.159999549388885,-0.21992382265701305,0.13369229798627202,0.016711537248284003,-1.0149994492530825,0.07358130748671014,5252,True,Midline_40_4.csv,5.0
197,P01,40,0.15,4,971.0948274014514,3.3000334152262667,-2,-1.271703600883484,26.29340934753418,344.6974067687988,-0.3470000028610229,-13.090000450611115,-0.21741455038301372,0.1328736702207607,0.016609208777595086,-0.9450003504753112,0.07287899065915167,5278,True,Midline_40_4.csv,5.0
198,P01,40,0.15,4,971.1115866316154,3.3167899287051337,-2,-1.307080864906311,26.422704696655273,344.47924518585205,-0.3470000028610229,-13.02000030875206,-0.21816195039267064,0.13404727816850934,0.016755909771063667,-0.8750002086162567,0.07212031981646222,5305,True,Midline_40_4.csv,5.0
199,P01,40,0.15,4,971.1281529771396,3.333358990914576,-2,-1.342551589012146,26.55042839050293,344.26466846466064,-0.3470000028610229,-12.950000166893005,-0.21457717639221704,0.13255732733705372,0.016569665917131715,-0.8050000667572021,0.07133715000392518,5331,True,Midline_40_4.csv,5.0
200,P01,40,0.15,4,971.144893190508,3.350077772656391,-2,-1.3788238763809204,26.67916679382324,344.04932975769043,-0.3470000028610229,-12.880000025033949,-0.21533790925311808,0.13375025393452233,0.016718781741815292,-0.7349999248981458,0.07043777353200334,5358,True,Midline_40_4.csv,5.0
201,P01,40,0.15,4,971.1615528088864,3.366762746761765,-2,-1.4155054092407229,26.807506561279297,343.83559608459467,-0.3470000028610229,-12.809999883174894,-0.21373451634207136,0.1334797928439002,0.016684974105487527,-0.6649997830390912,0.06951908280352531,5385,True,Midline_40_4.csv,5.0
202,P01,40,0.15,4,971.1782966445016,3.383498130467956,-2,-1.4527777433395386,26.93609619140625,343.62238693237305,-0.3470000028610229,-12.739999741315842,-0.21320878408624616,0.1338830696486184,0.0167353837060773,-0.5949996411800385,0.06856412988135943,5411,True,Midline_40_4.csv,5.0
203,P01,40,0.15,4,971.1948681215421,3.400059344475949,-2,-1.490131378173828,27.063196182250977,343.4125785827637,-0.3470000028610229,-12.669999599456787,-0.20980762791633395,0.13247522307756301,0.016559402884695373,-0.5249994993209839,0.06749780704879085,5438,True,Midline_40_4.csv,5.0
204,P01,40,0.15,4,971.2115709050273,3.4167748058249567,-2,-1.528308629989624,27.191362380981445,343.2019519805908,-0.3470000028610229,-12.600000500679016,-0.2106262314445304,0.1337309352857119,0.016716366910713987,-0.4550004005432129,0.06644210654237265,5465,True,Midline_40_4.csv,5.0
205,P01,40,0.15,4,971.2282477290776,3.4334516298752082,-2,-1.566867470741272,27.319091796875,342.9935646057129,-0.3470000028610229,-12.494999766349792,-0.2083882276046382,0.1334218368956499,0.016677729611956238,-0.3499996662139893,0.06530374432602806,5491,True,Midline_40_4.csv,5.0
206,P01,40,0.15,4,971.2448161875792,3.4500212957923395,-2,-1.605639100074768,27.445858001708984,342.78767967224115,-0.3470000028610229,-12.424999624490738,-0.2058855938675334,0.1325621569994837,0.016570269624935463,-0.2799995243549347,0.06414557863013183,5518,True,Midline_40_4.csv,5.0
207,P01,40,0.15,4,971.2615582120711,3.4667624147225524,-2,-1.6452690362930298,27.57378387451172,342.58143615722656,-0.3470000028610229,-12.319999933242798,-0.20624314642113026,0.13392412177836374,0.016740515222295468,-0.17499983310699466,0.06296763874518464,5544,True,Midline_40_4.csv,5.0
208,P01,40,0.15,4,971.2782778993744,3.4834796871948583,-2,-1.6852695941925049,27.70128059387207,342.3768234252929,-0.3470000028610229,-12.249999791383743,-0.20461279192138648,0.13362468271407124,0.0167030853392589,-0.10499969124794006,0.06168873861446182,5571,True,Midline_40_4.csv,5.0
209,P01,40,0.15,4,971.294826435519,3.5000282233393136,-2,-1.7253830432891846,27.827556610107425,342.1756801605225,-0.3470000028610229,-12.145000100135805,-0.2011432778167816,0.13249454172637345,0.016561817715796682,-1.7763568394002505e-15,0.06045375419406044,5598,True,Midline_40_4.csv,5.0
210,P01,40,0.15,4,971.3115059762545,3.5167101789057824,-2,-1.766236662864685,27.95461463928223,341.9742317199707,-0.3470000028610229,-12.074999958276749,-0.20144919231386807,0.13346530385751976,0.01668316298218997,0.07000014185905458,0.059138833821382276,5624,True,Midline_40_4.csv,5.0
211,P01,40,0.15,4,971.3282806009668,3.5334654849690423,-2,-1.807698965072632,28.08202743530273,341.7731647491455,-0.3470000028610229,-12.004999816417696,-0.2010677235820177,0.13398932222025906,0.016748665277532382,0.14000028371810735,0.05779885761518165,5651,True,Midline_40_4.csv,5.0
212,P01,40,0.15,4,971.3448659632868,3.5500617140290838,-2,-1.8492364883422847,28.208166122436523,341.57562255859375,-0.3470000028610229,-11.900000125169756,-0.1975418246896025,0.13280122528522045,0.016600153160652553,0.24499997496604745,0.056508904008734526,5678,True,Midline_40_4.csv,5.0
213,P01,40,0.15,4,971.3615316187427,3.5667291806086032,-2,-1.8913620710372925,28.33462142944336,341.37910842895513,-0.3470000028610229,-11.795000433921814,-0.1965144474672766,0.13328660635033884,0.016660825793792355,0.3499996662139893,0.05510705325223048,5704,True,Midline_40_4.csv,5.0
214,P01,40,0.15,4,971.378270020988,3.58346818656139,-2,-1.9341440200805664,28.46159172058105,341.18391036987305,-0.3470000028610229,-11.655000150203705,-0.19519866011080814,0.13398449255782907,0.016748061569728634,0.4899999499320984,0.05372397364438021,5731,True,Midline_40_4.csv,5.0
215,P01,40,0.15,4,971.395022610366,3.6001999480207587,-2,-1.9772772789001465,28.588178634643555,340.99083137512207,-0.3470000028610229,-11.550000458955765,-0.1930775319022116,0.1337333501160174,0.016716668764502174,0.5949996411800385,0.05237112999800822,5758,True,Midline_40_4.csv,5.0
216,P01,40,0.15,4,971.4115476019066,3.616731278493148,-2,-2.020373582839966,28.713274002075195,340.8015422821045,-0.3470000028610229,-11.44499972462654,-0.18928744064850292,0.13231101455858152,0.01653887681982269,0.7000003755092639,0.0509600644829898,5784,True,Midline_40_4.csv,5.0
217,P01,40,0.15,4,971.4282374056744,3.6334358731018033,-2,-2.064333200454712,28.839519500732425,340.61263465881353,-0.3470000028610229,-11.305000483989716,-0.18890687438752893,0.13368022383019704,0.01671002797877463,0.8399996161460876,0.04958636968464044,5811,True,Midline_40_4.csv,5.0
218,P01,40,0.15,4,971.4449866746596,3.650151334450811,-2,-2.108727216720581,28.96567153930664,340.42598915100103,-0.3470000028610229,-11.165000200271606,-0.18664498030368507,0.13373576494814188,0.016716970618517738,0.9799998998641968,0.04824067721007744,5837,True,Midline_40_4.csv,5.0
219,P01,40,0.15,4,971.461564490632,3.666766278452428,-2,-2.153256893157959,29.090904235839844,340.2416515350342,-0.3470000028610229,-11.095000058412552,-0.18433610652908275,0.13291472234959656,0.01661434029369957,1.0500000417232511,0.04681933784912369,5864,True,Midline_40_4.csv,5.0
220,P01,40,0.15,4,971.4782376924356,3.683442498794875,-2,-2.1983582973480225,29.21646499633789,340.05837249755865,-0.3470000028610229,-10.990000367164614,-0.18327830243539392,0.13341459240200493,0.016676824050250616,1.1549997329711896,0.045494494236555584,5891,True,Midline_40_4.csv,5.0
221,P01,40,0.15,4,971.4949745854112,3.7001389433484064,-2,-2.243914604187012,29.34202766418457,339.87663078308105,-0.3470000028610229,-10.884999632835386,-0.1817407928348453,0.13357155642825091,0.01669644455353136,1.2600004673004168,0.04415472551567856,5917,True,Midline_40_4.csv,5.0
222,P01,40,0.15,4,971.5114766360556,3.716680536853232,-2,-2.2894461154937744,29.466291427612305,339.69714164733887,-0.3470000028610229,-10.850000083446504,-0.17948939136714093,0.13234240736346692,0.01654280092043336,1.2950000166892988,0.04282737655678042,5944,True,Midline_40_4.csv,5.0
223,P01,40,0.15,4,971.5281917955507,3.7333923759554177,-2,-2.335834264755249,29.5916748046875,339.51699256896967,-0.3470000028610229,-10.779999941587448,-0.18014711657529345,0.13368988315505706,0.016711235394382132,1.365000158548355,0.04158728717830516,5970,True,Midline_40_4.csv,5.0
224,P01,40,0.15,4,971.5449887574516,3.7501724340381766,-2,-2.38277268409729,29.71733093261719,339.3368301391602,-0.3470000028610229,-10.745000392198564,-0.1801622636101586,0.13413662692164507,0.016767078365205634,1.3999997079372388,0.040266898268068216,5997,True,Midline_40_4.csv,5.0
225,P01,40,0.15,4,971.5615442362357,3.766749948156644,-2,-2.4296040534973145,29.84150695800781,339.1591587066651,-0.3470000028610229,-10.709999799728395,-0.17767125424025448,0.1327142913632997,0.016589286420412463,1.4350003004074081,0.03901852460235947,6024,True,Midline_40_4.csv,5.0
226,P01,40,0.15,4,971.578162802484,3.7833670051354598,-2,-2.476901054382324,29.965749740600586,338.9817657470703,-0.3470000028610229,-10.675000250339508,-0.17739353199094107,0.13294128549387094,0.016617660686733867,1.4699998497962952,0.03783897374762733,6050,True,Midline_40_4.csv,5.0
227,P01,40,0.15,4,971.5948921491123,3.8000764294065448,-2,-2.524723529815674,30.09021377563477,338.80501174926763,-0.34599998593330383,-10.605000108480453,-0.17675208256137295,0.1333349029728197,0.016666862871602458,1.5049993991851809,0.03661412708605805,6077,True,Midline_40_4.csv,5.0
228,P01,40,0.15,4,971.6115224876623,3.816728501437297,-2,-2.5729804039001465,30.21466064453125,338.62807464599615,-0.3449999988079071,-10.605000108480453,-0.17693774987736455,0.13347496318147026,0.016684370397683782,1.4699998497962952,0.035502445008824934,6104,True,Midline_40_4.csv,5.0
229,P01,40,0.15,4,971.6281965950276,3.833399892117427,-2,-2.6215546131134038,30.338787078857425,338.451961517334,-0.3429999947547913,-10.569999516010283,-0.17611130176791026,0.13329143601276885,0.016661429501596103,1.4350003004074114,0.03438112227597143,6130,True,Midline_40_4.csv,5.0
230,P01,40,0.15,4,971.6448556096981,3.850063434596223,-2,-2.6704647541046143,30.462648391723636,338.27717781066895,-0.3420000076293945,-10.500000417232512,-0.17478337394995996,0.13316827962262326,0.016646034952827904,1.469999849796297,0.033269041985587174,6157,True,Midline_40_4.csv,5.0
231,P01,40,0.15,4,971.6615191521768,3.866721543705012,-2,-2.719869613647461,30.586652755737305,338.10256385803217,-0.3409999907016754,-10.464999824762343,-0.17461456889215166,0.1334846225063302,0.016685577813291275,1.469999849796297,0.0322855355978938,6184,True,Midline_40_4.csv,5.0
232,P01,40,0.15,4,971.6781564333667,3.883357617479305,-2,-2.7695000171661377,30.71012878417969,337.92964744567865,-0.3400000035762787,-10.394999682903288,-0.17291629275246465,0.13307651603827253,0.016634564504784066,1.5050004422664658,0.031225844617283886,6210,True,Midline_40_4.csv,5.0
233,P01,40,0.15,4,971.6949742231864,3.9001020568023255,-2,-2.8198368549346924,30.83427810668945,337.7573356628418,-0.3389999866485596,-10.28999999165535,-0.17231270480073865,0.13396517390901866,0.016745646738627332,1.5749995410442352,0.030243838037126325,6237,True,Midline_40_4.csv,5.0
234,P01,40,0.15,4,971.711467520068,3.9166699115960455,-2,-2.8700411319732666,30.95703887939453,337.5879001617432,-0.3389999866485596,-10.219999849796297,-0.16943453158805344,0.13262977227259398,0.016578721534074248,1.644999682903288,0.029413029245632237,6263,True,Midline_40_4.csv,5.0
235,P01,40,0.15,4,971.7281672850144,3.9333736006431077,-2,-2.920959949493408,31.08050346374512,337.41845321655273,-0.33799999952316284,-10.14999970793724,-0.1694443968058068,0.13355223777853098,0.016694029722316372,1.6800002753734589,0.028459012723343124,6290,True,Midline_40_4.csv,5.0
236,P01,40,0.15,4,971.7448667481067,3.9500697433427376,-2,-2.97221302986145,31.20374298095703,337.2502784729004,-0.3370000123977661,-10.079999566078186,-0.1681754036817403,0.13347254835025524,0.016684068543781905,1.7150008678436282,0.02764039716430305,6317,True,Midline_40_4.csv,5.0
237,P01,40,0.15,4,971.7614708253682,3.9666753298735102,-2,-3.0236194133758545,31.326335906982425,337.08394241333013,-0.335999995470047,-10.010000467300417,-0.16633372656541134,0.1329340409993165,0.016616755124914562,1.749999374151228,0.026926691492358417,6343,True,Midline_40_4.csv,5.0
238,P01,40,0.15,4,971.7781745144152,3.9833802263360663,-2,-3.07565712928772,31.44943046569824,336.91730690002436,-0.3350000083446503,-9.974999874830246,-0.16663435111682035,0.13364158653257618,0.016705198316572027,1.7500004172325134,0.026145862082986224,6370,True,Midline_40_4.csv,5.0
239,P01,40,0.15,4,971.7948308124004,4.000012979717553,-2,-3.127781867980957,31.57173728942871,336.7521133422852,-0.33399999141693115,-9.940000325441359,-0.16519155434461014,0.13295094481782144,0.01661886810222768,1.7499993741512316,0.025539282665573475,6397,True,Midline_40_4.csv,5.0
240,P01,40,0.15,4,971.8114849974086,4.01668920006,-2,-3.180484771728516,31.694419860839844,336.58679389953613,-0.3319999873638153,-9.904999732971193,-0.16531848158794735,0.13352325980395108,0.016690407475493885,1.7149998247623426,0.024949494992104727,6423,True,Midline_40_4.csv,5.0
241,P01,40,0.15,4,971.8281343527543,4.033338555405749,-2,-3.2334446907043457,31.81672477722168,336.42177581787115,-0.3319999873638153,-9.904999732971193,-0.16501650545014046,0.13327936185669387,0.01665992023208673,1.7149998247623426,0.024347262194821685,6450,True,Midline_40_4.csv,5.0
242,P01,40,0.15,4,971.8448470974182,4.050047375969029,-2,-3.2868714332580566,31.93914031982422,336.2564029693604,-0.3319999873638153,-9.904999732971193,-0.16537229911866158,0.13356672676582093,0.016695840845727616,1.7149998247623426,0.0239183354779318,6477,True,Midline_40_4.csv,5.0
243,P01,40,0.15,4,971.8615329770853,4.066732048220615,-2,-3.3406503200531006,32.061397552490234,336.0910339355469,-0.3319999873638153,-9.904999732971193,-0.16536930925584412,0.13356431193460594,0.01669553899182574,1.7149998247623426,0.023527403927120837,6503,True,Midline_40_4.csv,5.0
244,P01,40,0.15,4,971.8781778046226,4.083378988735149,-2,-3.394625186920166,32.18314743041992,335.92614173889166,-0.3319999873638153,-9.904999732971193,-0.16489093121518544,0.1331779389483927,0.016647242368549087,1.7149998247623426,0.023089922274095696,6530,True,Midline_40_4.csv,5.0
245,P01,40,0.15,4,971.8949234513613,4.10009716676916,-2,-3.4491868019104004,32.30527114868164,335.76053047180176,-0.3319999873638153,-9.904999732971193,-0.16560849827561044,0.1337574984272578,0.016719687303407227,1.7149998247623426,0.02282820014743313,6557,True,Midline_40_4.csv,5.0
246,P01,40,0.15,4,971.911485269077,4.116688566166886,-2,-3.503675699234009,32.426292419433594,335.5962028503418,-0.3319999873638153,-9.904999732971193,-0.16432584715282048,0.13272153585694468,0.016590191982118085,1.7149998247623426,0.02259327827678199,6583,True,Midline_40_4.csv,5.0
247,P01,40,0.15,4,971.9281750728447,4.133378671788591,-2,-3.5588457584381104,32.54789352416992,335.43087577819824,-0.3319999873638153,-9.904999732971193,-0.1653274511775258,0.13353050429850555,0.01669131303731319,1.7149998247623426,0.022375956448613763,6610,True,Midline_40_4.csv,5.0
248,P01,40,0.15,4,971.9448995898108,4.150094133137487,-2,-3.614446878433228,32.669509887695305,335.2641391754151,-0.3319999873638153,-9.974999874830246,-0.16673672486408825,0.13372369079206692,0.01671546134900836,1.6449996829032898,0.022311326807348708,6637,True,Midline_40_4.csv,5.0
249,P01,40,0.15,4,971.961503968926,4.166707567869594,-2,-3.6700561046600337,32.79021453857422,335.0978507995605,-0.3319999873638153,-10.010000467300417,-0.16628840320106714,0.1328978185320011,0.016612227316500142,1.6099990904331192,0.02223129394048796,6663,True,Midline_40_4.csv,5.0
250,P01,40,0.15,4,971.9781647947196,4.18336899737119,-2,-3.7261841297149663,32.911121368408196,334.9298934936524,-0.3319999873638153,-10.079999566078186,-0.16795633020678474,0.1332986805055043,0.016662335063188042,1.5399999916553495,0.022196650984935184,6690,True,Midline_40_4.csv,5.0
251,P01,40,0.15,4,971.9947875869226,4.199973678340257,-2,-3.7824687957763667,33.03144073486328,334.7613620758057,-0.3319999873638153,-10.14999970793724,-0.16853137935354304,0.13283261809101532,0.016604077261376915,1.4699998497962952,0.02235061745178572,6716,True,Midline_40_4.csv,5.0
252,P01,40,0.15,4,972.0114801073753,4.216685215588655,-2,-3.839443922042847,33.152305603027344,334.59007263183594,-0.3319999873638153,-10.255000442266462,-0.17128705202941732,0.13362226788285625,0.01670278348535703,1.3649991154670733,0.02234999301083753,6743,True,Midline_40_4.csv,5.0
253,P01,40,0.15,4,972.0281856075459,4.2333883009278,-2,-3.8968122005462646,33.273067474365234,334.4169330596924,-0.3319999873638153,-10.360000133514404,-0.17313778253638065,0.133697127648702,0.01671214095608775,1.2599994242191317,0.02248959154252753,6770,True,Midline_40_4.csv,5.0
254,P01,40,0.15,4,972.0448183609273,4.249991472627471,-2,-3.9541614055633545,33.39285659790039,334.24262237548834,-0.3319999873638153,-10.500000417232512,-0.17431112351126227,0.1328084697788654,0.016601058722358175,1.119999140501024,0.02276769079164713,6796,True,Midline_40_4.csv,5.0
255,P01,40,0.15,4,972.061476168182,4.266679465271864,-2,-4.0121846199035645,33.513111114501946,334.0656242370605,-0.3319999873638153,-10.605000108480453,-0.17699857192873916,0.13352084497364558,0.016690105621705698,1.0149994492530825,0.022899514153838358,6823,True,Midline_40_4.csv,5.0
256,P01,40,0.15,4,972.078209137057,4.283415150831843,-2,-4.070741653442384,33.63352203369141,333.8857879638672,-0.3319999873638153,-10.745000392198564,-0.17983467816657014,0.13389272897347834,0.016736591121684796,0.8749991655349714,0.023160319566236483,6850,True,Midline_40_4.csv,5.0
257,P01,40,0.15,4,972.0948657368964,4.300051224606136,-2,-4.129317760467528,33.75301742553711,333.7041358947754,-0.3319999873638153,-10.920000225305557,-0.1816527443847783,0.13307893086948752,0.01663486635868594,0.6999993324279785,0.023557347159067963,6876,True,Midline_40_4.csv,5.0
258,P01,40,0.15,4,972.1115220348815,4.316725935679187,-2,-4.1884169578552255,33.872615814208984,333.5197010040283,-0.3319999873638153,-11.060000509023666,-0.18443232846743646,0.13340493307714496,0.01667561663464312,0.5599990487098694,0.023751805879079442,6903,True,Midline_40_4.csv,5.0
259,P01,40,0.15,4,972.1281768235974,4.333380724395056,-2,-4.247822284698486,33.991867065429695,333.33376121521,-0.3319999873638153,-11.165000200271606,-0.1859372385526543,0.13322865040208853,0.01665358130026107,0.4549993574619293,0.024089021226366417,6930,True,Midline_40_4.csv,5.0
260,P01,40,0.15,4,972.144864816242,4.350050002097873,-2,-4.307671546936035,34.111038208007805,333.1447277069092,-0.3319999873638153,-11.3400000333786,-0.1890330327308936,0.1333566364546641,0.016669579556833014,0.2799995243549365,0.02448458655317583,6956,True,Midline_40_4.csv,5.0
261,P01,40,0.15,4,972.161483684344,4.366688490703382,-2,-4.3678035736083975,34.229793548583984,332.95312881469727,-0.3319999873638153,-11.514999866485596,-0.1915991457649221,0.1331127385055879,0.01663909231319849,0.10499969124794006,0.02472771116638221,6983,True,Midline_40_4.csv,5.0
262,P01,40,0.15,4,972.1783168687123,4.383517750971123,-2,-4.4290266036987305,34.349708557128906,332.75756454467773,-0.3319999873638153,-11.619999557733536,-0.195563011953868,0.13463891180526846,0.016829863975658554,0.0,0.025068406276485447,7010,True,Midline_40_4.csv,5.0
263,P01,40,0.15,4,972.1948654048571,4.400049987005218,-2,-4.4895663261413565,34.46729278564453,332.5637302398682,-0.3319999873638153,-11.72500029206276,-0.19383339385270784,0.13225305860942171,0.01653163232617771,-0.10500073432922363,0.025457675146162585,7036,True,Midline_40_4.csv,5.0
264,P01,40,0.15,4,972.2114673691409,4.4166724773541555,-2,-4.550772666931152,34.585189819335945,332.3667163848877,-0.3319999873638153,-11.864999532699585,-0.19701453193995425,0.1328374477534453,0.016604680969180663,-0.2449999749660492,0.025707182877736708,7063,True,Midline_40_4.csv,5.0
265,P01,40,0.15,4,972.228394731925,4.433518339586271,-2,-4.61326789855957,34.70456314086914,332.1656970977783,-0.3319999873638153,-11.93499967455864,-0.2010193339957676,0.1347427495447846,0.016842843693098075,-0.31500011682510376,0.026020654352300655,7090,True,Midline_40_4.csv,5.0
266,P01,40,0.15,4,972.244857541563,4.4500206920846495,-2,-4.674958229064941,34.821399688720696,331.9668521881104,-0.3319999873638153,-12.040000408887865,-0.19884460663136255,0.13212265772654064,0.01651533221581758,-0.4200008511543292,0.02631902508673577,7116,True,Midline_40_4.csv,5.0
267,P01,40,0.15,4,972.2614785226424,4.466665217767968,-2,-4.737563133239746,34.938980102539055,331.7652111053467,-0.3319999873638153,-12.109999507665634,-0.20164196229298012,0.1332069169220631,0.016650864615257888,-0.4899999499320984,0.02655298904239041,7143,True,Midline_40_4.csv,5.0
268,P01,40,0.15,4,972.2781840228128,4.4833867161949,-2,-4.800852298736572,35.05684280395508,331.5621166229248,-0.3319999873638153,-12.145000100135805,-0.2030935981151365,0.13377923190819274,0.01672240398852409,-0.5250005424022692,0.02684923339003931,7170,True,Midline_40_4.csv,5.0
269,P01,40,0.15,4,972.2948083242853,4.499991095310065,-2,-4.864108085632324,35.17364883422852,331.35929679870605,-0.3319999873638153,-12.215000241994858,-0.20281880776582034,0.13283261809101532,0.016604077261376915,-0.595000684261322,0.027000327938344674,7196,True,Midline_40_4.csv,5.0
270,P01,40,0.15,4,972.3114760927186,4.516681200931772,-2,-4.928110122680664,35.29084014892578,331.15424537658686,-0.3319999873638153,-12.285000383853912,-0.205049078795118,0.13352808946729056,0.01669101118341132,-0.6650008261203766,0.027175143801766555,7223,True,Midline_40_4.csv,5.0
271,P01,40,0.15,4,972.3281405407593,4.53334534711837,-2,-4.992427349090576,35.40761184692383,330.9489402770996,-0.3319999873638153,-12.319999933242798,-0.2053022799064514,0.13331316949279426,0.016664146186599282,-0.7000003755092621,0.02742351352254413,7249,True,Midline_40_4.csv,5.0
272,P01,40,0.15,4,972.3448852819361,4.550056884366769,-2,-5.057287216186523,35.524375915527344,330.74266052246094,-0.3319999873638153,-12.354999482631685,-0.20628083441586714,0.13356914159703592,0.01669614269962949,-0.7349999248981494,0.02743802044069952,7276,True,Midline_40_4.csv,5.0
273,P01,40,0.15,4,972.3614860388043,4.566684204378022,-2,-5.122354507446289,35.640525817871094,330.53646659851074,-0.3319999873638153,-12.390000075101852,-0.20619201473895796,0.13313447198652284,0.016641808998315355,-0.7700005173683167,0.027513700236417797,7303,True,Midline_40_4.csv,5.0
274,P01,40,0.15,4,972.3781281496567,4.5833299374770595,-2,-5.1878581047058105,35.75647735595703,330.32963180541987,-0.3319999873638153,-12.424999624490738,-0.20683447910738129,0.1331731092850532,0.016646638660631652,-0.8050000667572021,0.027614563577318715,7329,True,Midline_40_4.csv,5.0
275,P01,40,0.15,4,972.3948254997721,4.599991065124642,-2,-5.25383996963501,35.87229537963867,330.1226062774658,-0.3319999873638153,-12.424999624490738,-0.20702200583542796,0.13329385084398382,0.016661731355497974,-0.8050000667572021,0.027538978146582592,7356,True,Midline_40_4.csv,5.0
276,P01,40,0.15,4,972.4115382444361,4.616743352648996,-2,-5.320599555969238,35.98849868774414,329.91446113586426,-0.3319999873638153,-12.424999624490738,-0.20814341566344013,0.13401588536271447,0.01675198567033931,-0.8050000667572021,0.027513326564051244,7383,True,Midline_40_4.csv,5.0
277,P01,40,0.15,4,972.4282334815738,4.6334388916408225,-2,-5.387554168701172,36.10406875610352,329.70701599121094,-0.3319999873638153,-12.424999624490738,-0.2074420657041053,0.13356431193460594,0.01669553899182574,-0.8050000667572021,0.027526780843868403,7410,True,Midline_40_4.csv,5.0
278,P01,40,0.15,4,972.4448040530526,4.65000946311966,-2,-5.4543495178222665,36.218406677246094,329.5013523101806,-0.3319999873638153,-12.424999624490738,-0.20566431233075494,0.13241968196143716,0.016552460245179645,-0.8050000667572021,0.0273148717809926,7436,True,Midline_40_4.csv,5.0
279,P01,40,0.15,4,972.4614292600868,4.6666343682998095,-2,-5.521922588348389,36.3331298828125,329.29514312744135,-0.3319999873638153,-12.390000075101852,-0.2062069746170169,0.1331441313104733,0.016643016413809164,-0.7700005173683167,0.02723599941700617,7463,True,Midline_40_4.csv,5.0
280,P01,40,0.15,4,972.4781818494647,4.683386353970151,-2,-5.590353012084961,36.44835662841797,329.08817100524897,-0.3319999873638153,-12.354999482631685,-0.20697077429150013,0.13401588536362394,0.016751985670452996,-0.7349999248981494,0.027051093209514685,7489,True,Midline_40_4.csv,5.0
281,P01,40,0.15,4,972.4948200362164,4.699989223815919,-2,-5.658588886260986,36.56231689453125,328.88361549377436,-0.3319999873638153,-12.319999933242798,-0.20455479307021932,0.13282778842767584,0.01660347355345948,-0.7000003755092621,0.02676016145177881,7516,True,Midline_40_4.csv,5.0
282,P01,40,0.15,4,972.5114383006108,4.716641597700574,-2,-5.727426052093506,36.67635726928711,328.6790657043457,-0.3319999873638153,-12.285000383853912,-0.20455216991464228,0.1332045020908481,0.016650562761356014,-0.6650008261203766,0.02659488453763964,7543,True,Midline_40_4.csv,5.0
283,P01,40,0.15,4,972.5281483285896,4.733354946072269,-2,-5.796938419342041,36.79059219360352,328.4743022918701,-0.3319999873638153,-12.249999791383743,-0.2047607003280005,0.13372127596085193,0.01671515949510649,-0.6300002336502075,0.02625786130881267,7569,True,Midline_40_4.csv,5.0
284,P01,40,0.15,4,972.5448269637633,4.750003697710213,-2,-5.866544246673584,36.9040641784668,328.2716255187988,-0.3319999873638153,-12.179999649524687,-0.2026751682844236,0.1331199829992329,0.01663999787490411,-0.5600000917911512,0.025905789988023942,7596,True,Midline_40_4.csv,5.0
285,P01,40,0.15,4,972.5614720931544,4.766678408783264,-2,-5.9367313385009775,37.01758193969727,328.06901168823237,-0.3319999873638153,-12.145000100135805,-0.20261335007222991,0.13346288902539527,0.01668286112817441,-0.5250005424022692,0.0256454731946912,7623,True,Midline_40_4.csv,5.0
286,P01,40,0.15,4,972.5781154114225,4.783323236320483,-2,-6.007161140441895,37.13059616088867,327.867431640625,-0.3319999873638153,-12.109999507665634,-0.20157616418350144,0.13316344996110274,0.016645431245137843,-0.4899999499320984,0.02519869185264161,7649,True,Midline_40_4.csv,5.0
287,P01,40,0.15,4,972.5947883113721,4.799968667565622,-2,-6.077988147735597,37.24336242675781,327.6664390563965,-0.3319999873638153,-12.074999958276749,-0.2009935815891652,0.13316344996019325,0.016645431245024156,-0.4550004005432129,0.024804376460769547,7676,True,Midline_40_4.csv,5.0
288,P01,40,0.15,4,972.6114491371657,4.816657565771719,-2,-6.1493964195251465,37.35617065429688,327.46608734130865,-0.3319999873638153,-12.004999816417696,-0.20035021990042254,0.1335111856487856,0.0166888982060982,-0.3850002586841601,0.02447978559094676,7702,True,Midline_40_4.csv,5.0
289,P01,40,0.15,4,972.6281636929531,4.833372121559023,-2,-6.221309185028076,37.46890258789063,327.26659774780273,-0.3319999873638153,-11.93499967455864,-0.19948821788185045,0.13371644629842194,0.016714555787302743,-0.31500011682510376,0.023937517132702573,7729,True,Midline_40_4.csv,5.0
290,P01,40,0.15,4,972.6449419399124,4.8501292387455806,-2,-6.29379940032959,37.58167266845703,327.0671844482422,-0.3319999873638153,-11.900000125169756,-0.1994132886803412,0.13405935232458432,0.01675741904057304,-0.28000056743622004,0.023450064557987267,7756,True,Midline_40_4.csv,5.0
291,P01,40,0.15,4,972.6614448961183,4.866652419162847,-2,-6.365660190582275,37.69261169433594,326.8717231750488,-0.3319999873638153,-11.8299999833107,-0.19546208219584688,0.13218061367479095,0.01652257670934887,-0.2100004255771637,0.02306905501252393,7782,True,Midline_40_4.csv,5.0
292,P01,40,0.15,4,972.6782201245387,4.883426742021469,-2,-6.438998222351074,37.80499267578125,326.6738739013672,-0.3319999873638153,-11.795000433921814,-0.19784958503064304,0.1341921680386804,0.01677402100483505,-0.1750008761882782,0.022509467008087897,7809,True,Midline_40_4.csv,5.0
293,P01,40,0.15,4,972.6947433049561,4.899939961260088,-2,-6.511577606201173,37.915374755859375,326.4802551269531,-0.3319999873638153,-11.72500029206276,-0.1936175003943612,0.1321057539080357,0.016513219238504462,-0.10500073432922363,0.022038605322905136,7836,True,Midline_40_4.csv,5.0
294,P01,40,0.15,4,972.7114116770973,4.916617992725946,-2,-6.585258960723878,38.026611328125,326.2852859497071,-0.3319999873638153,-11.68999969959259,-0.1949697114976993,0.1334266665580799,0.016678333319759986,-0.07000014185905458,0.021511345382606045,7862,True,Midline_40_4.csv,5.0
295,P01,40,0.15,4,972.7281425329946,4.933345528230801,-2,-6.659531593322754,38.137916564941406,326.09033584594727,-0.3319999873638153,-11.655000150203705,-0.1949453563925472,0.13381062471398766,0.016726328089248454,-0.03500059247016907,0.020924699904435254,7889,True,Midline_40_4.csv,5.0
296,P01,40,0.15,4,972.7447607973892,4.949948096222557,-2,-6.733638286590576,38.2481575012207,325.8968124389648,-0.3319999873638153,-11.655000150203705,-0.19352404108261356,0.1328350329222303,0.01660437911527879,-0.03500059247016907,0.020474183095812747,7916,True,Midline_40_4.csv,5.0
297,P01,40,0.15,4,972.7614460733487,4.966652087123522,-2,-6.8085570335388175,38.35879898071289,325.7027282714844,-0.3319999873638153,-11.619999557733536,-0.1940828291692404,0.13361985305073176,0.01670248163134147,0.0,0.019911286169075653,7942,True,Midline_40_4.csv,5.0
298,P01,40,0.15,4,972.778145838295,4.983351550215957,-2,-6.883839130401611,38.46916961669922,325.5086746215821,-0.3319999873638153,-11.619999557733536,-0.19405476883423226,0.13360053440283082,0.016700066800353852,0.0,0.019292416375697608,7969,True,Midline_40_4.csv,5.0
299,P01,40,0.15,4,972.794817832683,4.999982492474032,-2,-6.959155559539795,38.57879257202149,325.315486907959,-0.3319999873638153,-11.619999557733536,-0.19318489838292835,0.13300165627242674,0.016625207034053346,0.0,0.01883066094672088,7996,True,Midline_40_4.csv,5.0
300,P01,40,0.15,4,972.8114846955548,5.016691614891215,-2,-7.0352535247802725,38.68875503540039,325.119327545166,-0.3319999873638153,-11.73500000834465,-0.19615948132430475,0.13372610562237242,0.016715763202796552,-0.11500045061111484,0.018259277525770976,8022,True,Midline_40_4.csv,5.0
301,P01,40,0.15,4,972.8281488417412,5.0333521388311055,-2,-7.111469268798827,38.7980842590332,324.9244079589844,-0.3319999873638153,-11.700000458955765,-0.1949140109800003,0.13327453219426388,0.016659316524282985,-0.08000090122222936,0.017597377531407686,8049,True,Midline_40_4.csv,5.0
302,P01,40,0.15,4,972.8447586542267,5.049957121654074,-2,-7.187795639038086,38.90678405761719,324.7301597595215,-0.3319999873638153,-11.700000458955765,-0.19425005312469454,0.13282054393494036,0.016602567991867545,-0.08000090122222936,0.01716396245409337,8076,True,Midline_40_4.csv,5.0
303,P01,40,0.15,4,972.8613823519913,5.066585347227034,-2,-7.264615535736084,39.01539993286133,324.53559112548834,-0.3319999873638153,-11.700000458955765,-0.1945679052891856,0.13303787873974215,0.01662973484246777,-0.08000090122222936,0.016437870575004142,8102,True,Midline_40_4.csv,5.0
304,P01,40,0.15,4,972.8780673260968,5.083266699085812,-2,-7.3419551849365225,39.12397003173828,324.34122848510737,-0.3319999873638153,-11.664999866485596,-0.1943661362887529,0.1332986805064138,0.016662335063301725,-0.045000308752060285,0.015854356408586113,8129,True,Midline_40_4.csv,5.0
305,P01,40,0.15,4,972.8946997776242,5.099904583983517,-2,-7.419642925262451,39.23224639892578,324.1469078063965,-0.3319999873638153,-11.664999866485596,-0.19431684052860207,0.13326487286940392,0.01665810910867549,-0.045000308752060285,0.015362878390654363,8155,True,Midline_40_4.csv,5.0
306,P01,40,0.15,4,972.9114798357068,5.116684943920063,-2,-7.498270034790039,39.3410530090332,323.9517478942871,-0.3319999873638153,-11.63000031709671,-0.19515559138436106,0.13424287949328573,0.016780359936660716,-0.010000759363174794,0.01465041419280441,8182,True,Midline_40_4.csv,5.0
307,P01,40,0.15,4,972.928139755939,5.133346675275562,-2,-7.576708793640138,39.44882583618164,323.7585563659668,-0.3319999873638153,-11.594999724626538,-0.19319277047748226,0.13329385084307432,0.01666173135538429,0.02499983310699605,0.0139688877365354,8209,True,Midline_40_4.csv,5.0
308,P01,40,0.15,4,972.9448579339729,5.150065758871278,-2,-7.655784606933594,39.55670547485352,323.5652732849121,-0.3319999873638153,-11.560000175237652,-0.19327958815862054,0.1337574984281673,0.016719687303520914,0.05999938249588155,0.013438116150904138,8236,True,Midline_40_4.csv,5.0
309,P01,40,0.15,4,972.9614212609584,5.1666290858565835,-2,-7.73447847366333,39.663307189941406,323.3738059997558,-0.3319999873638153,-11.560000175237652,-0.1914650839916536,0.1325017862209279,0.016562723277615987,0.05999938249588155,0.01272046039087142,8262,True,Midline_40_4.csv,5.0
310,P01,40,0.15,4,972.9781300815216,5.1833373027120615,-2,-7.814223766326903,39.77058029174805,323.1812438964844,-0.3319999873638153,-11.524999582767489,-0.1925656711542552,0.1336681496750316,0.01670851870937895,0.09499997496604706,0.01207268001296956,8289,True,Midline_40_4.csv,5.0
311,P01,40,0.15,4,972.9947860776532,5.199966131992824,-2,-7.8939456939697275,39.8770751953125,322.990177154541,-0.3319999873638153,-11.490000033378598,-0.1910617806896615,0.1330282194148822,0.016628527426860273,0.1299995243549361,0.011658543789850151,8315,True,Midline_40_4.csv,5.0
312,P01,40,0.15,4,973.0114218495737,5.216629372617831,-2,-7.974192142486572,39.98352813720703,322.7992897033692,-0.3319999873638153,-11.455000483989716,-0.1908843448961781,0.13331075466157927,0.01666384433269741,0.16499907374381986,0.010791936883105976,8342,True,Midline_40_4.csv,5.0
313,P01,40,0.15,4,973.0281711185588,5.233372604525243,-2,-8.055170059204103,40.0902099609375,322.608097076416,-0.3319999873638153,-11.419999891519547,-0.19119047070870224,0.13393378110322374,0.016741722637902967,0.1999996662139889,0.01013952471274923,8369,True,Midline_40_4.csv,5.0
314,P01,40,0.15,4,973.0447703661576,5.249949816789809,-2,-8.135709762573242,40.19558334350586,322.4199333190918,-0.3319999873638153,-11.349999749660492,-0.188165059219723,0.132627357441379,0.016578419680172374,0.2699998080730435,0.009722505721100444,8395,True,Midline_40_4.csv,5.0
315,P01,40,0.15,4,973.061441454984,5.266645355781634,-2,-8.217164039611816,40.301429748535156,322.23102569580084,-0.3319999873638153,-11.315000200271607,-0.1889031960822304,0.13355948227217596,0.016694935284021994,0.30499935746192897,0.008873979269590201,8422,True,Midline_40_4.csv,5.0
316,P01,40,0.15,4,973.0781212975733,5.283331235448827,-2,-8.298850059509277,40.40685653686523,322.0429763793945,-0.3319999873638153,-11.279999607801434,-0.18804987542276502,0.13336871061073907,0.016671088826342384,0.3399999499320998,0.008282227409148154,8449,True,Midline_40_4.csv,5.0
317,P01,40,0.15,4,973.0947935938153,5.299992061242506,-2,-8.38081169128418,40.51192474365234,321.85508728027344,-0.3319999873638153,-11.279999607801434,-0.18788984456499405,0.13325521354454395,0.016656901693067994,0.3399999499320998,0.007905448851801597,8475,True,Midline_40_4.csv,5.0
318,P01,40,0.15,4,973.1114263471967,5.316630549848013,-2,-8.463120460510254,40.61672592163086,321.6671905517578,-0.3319999873638153,-11.279999607801434,-0.1878966543887836,0.13326004320697393,0.01665750540087174,0.3399999499320998,0.006987143159355951,8502,True,Midline_40_4.csv,5.0
319,P01,40,0.15,4,973.128088380406,5.333298318281437,-2,-8.545779228210451,40.72126770019531,321.47985458374023,-0.3319999873638153,-11.245000058412552,-0.1873306209428096,0.1332721173639584,0.0166590146704948,0.3749994993209835,0.006499847328610066,8529,True,Midline_40_4.csv,5.0
320,P01,40,0.15,4,973.1447875416444,5.349963973737545,-2,-8.628860473632812,40.82564163208008,321.29233551025385,-0.3319999873638153,-11.245000058412552,-0.187513915683483,0.13340251824592994,0.016675314780741246,0.3749994993209835,0.006114915854268174,8555,True,Midline_40_4.csv,5.0
321,P01,40,0.15,4,973.1615005881624,5.3667038852520355,-2,-8.71259593963623,40.93013381958008,321.104118347168,-0.3319999873638153,-11.245000058412552,-0.18821654552954936,0.13390238829833834,0.016737798537292292,0.3749994993209835,0.00524833058305398,8582,True,Midline_40_4.csv,5.0
322,P01,40,0.15,4,973.178080215258,5.383286530886721,-2,-8.795853614807129,41.03333282470703,320.91773986816406,-0.3319999873638153,-11.245000058412552,-0.18638020375905148,0.1325959646355841,0.016574495579448012,0.3749994993209835,0.0048182515322773385,8609,True,Midline_40_4.csv,5.0
323,P01,40,0.15,4,973.1947368150971,5.3999280380312475,-2,-8.879812240600586,41.1367073059082,320.7305450439453,-0.3319999873638153,-11.245000058412552,-0.18719484705959816,0.1331755241171777,0.016646940514647213,0.3749994993209835,0.0043328700995350355,8635,True,Midline_40_4.csv,5.0
324,P01,40,0.15,4,973.2114658598716,5.416670062523052,-2,-8.964611053466797,41.24042510986328,320.54223251342773,-0.3319999873638153,-11.245000058412552,-0.1883115872470303,0.13397000357053912,0.01674625044631739,0.3749994993209835,0.0034848937844117853,8662,True,Midline_40_4.csv,5.0
325,P01,40,0.15,4,973.2281182337564,5.433323945677216,-2,-9.04927921295166,41.34328842163086,320.35554122924805,-0.3319999873638153,-11.210000509023669,-0.1866866548529936,0.13322865040208853,0.01665358130026107,0.409999048709869,0.003097929072032202,8689,True,Midline_40_4.csv,5.0
326,P01,40,0.15,4,973.2447223110177,5.4499225895683585,-2,-9.13400650024414,41.4455451965332,320.16945648193365,-0.3319999873638153,-11.210000509023669,-0.18608095781599865,0.13279639562279044,0.016599549452848802,0.409999048709869,0.002821537559504704,8715,True,Midline_40_4.csv,5.0
327,P01,40,0.15,4,973.2614314334347,5.466637749063466,-2,-9.21965789794922,41.54823684692383,319.9820747375488,-0.3319999873638153,-11.210000509023669,-0.18737694644855554,0.13372127596085193,0.01671515949510649,0.409999048709869,0.001802209098196045,8742,True,Midline_40_4.csv,5.0
328,P01,40,0.15,4,973.2780684127707,5.483269596883247,-2,-9.305072784423828,41.64996719360352,319.7965240478516,-0.3319999873638153,-11.174999916553494,-0.1855505620103348,0.13283261809101532,0.016604077261376915,0.4449996411800399,0.0022323410858727994,8769,True,Midline_40_4.csv,5.0
329,P01,40,0.15,4,973.2947195792398,5.499916235543878,-2,-9.391180038452148,41.75185012817383,319.61077117919916,-0.3319999873638153,-11.140000367164614,-0.18575292482230987,0.133395273752285,0.016674409219035624,0.4799991905689218,0.0016943619043272705,8795,True,Midline_40_4.csv,5.0
330,P01,40,0.15,4,973.3114148163776,5.516624150545454,-2,-9.477790832519533,41.85365676879883,319.4252281188965,-0.3319999873638153,-11.104999774694443,-0.1855413923281065,0.13366332001260162,0.016707915001575202,0.5149997830390927,0.00028398742891835513,8822,True,Midline_40_4.csv,5.0
331,P01,40,0.15,4,973.3280671902625,5.533277429991814,-2,-9.564395904541016,41.95479202270508,319.24098205566406,-0.3319999873638153,-11.070000225305558,-0.1842448784974136,0.1331489609738128,0.0166436201217266,0.5499993324279782,-0.0016885317928782345,8849,True,Midline_40_4.csv,5.0
332,P01,40,0.15,4,973.3448125351473,5.549988967240096,-2,-9.651666641235352,42.0560417175293,319.05659866333013,-0.3319999873638153,-11.034999632835385,-0.18438182878091625,0.1336705645062466,0.016708820563280824,0.5849999248981489,-0.0021445928352630574,8875,True,Midline_40_4.csv,5.0
333,P01,40,0.15,4,973.3614600793694,5.5666516041573,-2,-9.739055633544922,42.15677261352539,318.8726501464844,-0.3319999873638153,-11.034999632835385,-0.1839454733302217,0.13335422162253965,0.016669277702817453,0.5849999248981489,-0.0012817146137225634,8902,True,Midline_40_4.csv,5.0
334,P01,40,0.15,4,973.3781127551081,5.583305487311463,-2,-9.826687812805176,42.25712966918945,318.68944931030273,-0.3319999873638153,-11.000000083446505,-0.18319603647844648,0.13323348006451852,0.016654185008064815,0.619999474287031,-0.0021935551732757807,8929,True,Midline_40_4.csv,5.0
335,P01,40,0.15,4,973.3947759957331,5.5999563519266085,-2,-9.914640426635742,42.35720825195313,318.5062561035156,-0.3319999873638153,-11.000000083446505,-0.18319603647844648,0.13323348006451852,0.016654185008064815,0.619999474287031,-0.002789174569626812,8955,True,Midline_40_4.csv,5.0
336,P01,40,0.15,4,973.4114304825947,5.616633477830759,-2,-10.003030776977539,42.45713806152344,318.32281494140625,-0.3319999873638153,-11.000000083446505,-0.18344174555143364,0.13341217757078996,0.016676522196348742,0.619999474287031,-0.00253258548823185,8982,True,Midline_40_4.csv,5.0
337,P01,40,0.15,4,973.4280659526614,5.633261703403832,-2,-10.091435432434082,42.55644226074219,318.13999938964844,-0.3319999873638153,-11.000000083446505,-0.18281087090423676,0.13295335964903646,0.016619169956129554,0.619999474287031,-0.0034258747191718013,9009,True,Midline_40_4.csv,5.0
338,P01,40,0.15,4,973.4446392408254,5.6498434434768114,-2,-10.18001651763916,42.65530776977539,317.95747756958013,-0.3319999873638153,-11.000000083446505,-0.18252199672295413,0.13274326933697012,0.01659290866712126,0.619999474287031,-0.00342373094749197,9035,True,Midline_40_4.csv,5.0
339,P01,40,0.15,4,973.4613519854892,5.666554980725096,-2,-10.26954746246338,42.75459289550781,317.7736473083496,-0.3319999873638153,-11.000000083446505,-0.18382691112689395,0.13369229798718152,0.01671153724839769,0.619999474287031,-0.0036665343144695072,9062,True,Midline_40_4.csv,5.0
340,P01,40,0.15,4,973.4780840488023,5.683288855161778,-2,-10.359466552734377,42.85366821289063,317.58967208862305,-0.3319999873638153,-11.000000083446505,-0.1839696880198118,0.13379613572669768,0.01672451696583721,0.619999474287031,-0.004280897257350642,9089,True,Midline_40_4.csv,5.0
341,P01,40,0.15,4,973.4947986045897,5.699965679212028,-2,-10.449496269226074,42.95222854614258,317.40612411499023,-0.3319999873638153,-11.000000083446505,-0.18354799812319825,0.1334894521678507,0.016686181520981336,0.619999474287031,-0.004734771452742423,9115,True,Midline_40_4.csv,5.0
342,P01,40,0.15,4,973.511385476179,5.716590282538277,-2,-10.539506912231444,43.05013656616211,317.22325134277344,-0.3319999873638153,-11.000000083446505,-0.1828673175830648,0.1329944117787818,0.016624301472347724,0.619999474287031,-0.0046186950963808,9142,True,Midline_40_4.csv,5.0
343,P01,40,0.15,4,973.5280909763493,5.733299103101557,-2,-10.63023281097412,43.14818954467773,317.03956604003906,-0.3319999873638153,-11.000000083446505,-0.1836841342327256,0.13358846024675586,0.016698557530844482,0.619999474287031,-0.005115356829788954,9169,True,Midline_40_4.csv,5.0
344,P01,40,0.15,4,973.5447735356237,5.7499466473238945,-2,-10.721047401428224,43.24571228027344,316.85633850097656,-0.3319999873638153,-11.000000083446505,-0.18322924040665395,0.13325762837575894,0.016657203546969868,0.619999474287031,-0.005489959115460952,9195,True,Midline_40_4.csv,5.0
345,P01,40,0.15,4,973.5613878759177,5.766590569299524,-2,-10.81210231781006,43.342864990234375,316.6732482910156,-0.3319999873638153,-11.000000083446505,-0.1830864635137361,0.13315379063624275,0.016644223829530347,0.619999474287031,-0.005429908863330609,9222,True,Midline_40_4.csv,5.0
346,P01,40,0.15,4,973.5780945835036,5.783299993570495,-2,-10.903778076171877,43.44005966186523,316.4895362854004,-0.3319999873638153,-11.000000083446505,-0.18371069737504145,0.1336077788955663,0.016700972361945787,0.619999474287031,-0.005829092246281819,9249,True,Midline_40_4.csv,5.0
347,P01,40,0.15,4,973.5947578241285,5.7999354636369835,-2,-10.995455741882324,43.5366325378418,316.30643844604487,-0.3319999873638153,-11.000000083446505,-0.18309310429962766,0.13315862029867276,0.0166448275373341,0.619999474287031,-0.006145718506309144,9275,True,Midline_40_4.csv,5.0
348,P01,40,0.15,4,973.611477209578,5.816684128914631,-2,-11.088013648986816,43.63351058959961,316.1222038269043,-0.3319999873638153,-11.000000083446505,-0.18423199905752802,0.13398690738904406,0.016748363423630508,0.619999474287031,-0.006128751420674886,9302,True,Midline_40_4.csv,5.0
349,P01,40,0.15,4,973.6281304890243,5.833339823192091,-2,-11.18036937713623,43.72955703735352,315.93898773193365,-0.3319999873638153,-11.000000083446505,-0.1832126384431755,0.13324555422059348,0.016655694277574185,0.619999474287031,-0.006328256882514036,9329,True,Midline_40_4.csv,5.0
350,P01,40,0.15,4,973.6447288310616,5.849938467083348,-2,-11.272713661193848,43.82497787475586,315.75581741333013,-0.3319999873638153,-11.034999632835385,-0.1831660292443304,0.13278915112914547,0.016598643891143183,0.5849999248981489,-0.00668503579906278,9355,True,Midline_40_4.csv,5.0
351,P01,40,0.15,4,973.6613742623068,5.866579068666057,-2,-11.365596771240234,43.92034530639648,315.57160186767584,-0.3319999873638153,-11.070000225305558,-0.18421146326979604,0.13312481266166287,0.01664060158270786,0.5499993324279782,-0.006566411145399943,9382,True,Midline_40_4.csv,5.0
352,P01,40,0.15,4,973.6781057219124,5.883313848664329,-2,-11.459261894226074,44.01589965820313,315.38527679443365,-0.3319999873638153,-11.140000367164614,-0.18632121309781047,0.13380338022034266,0.016725422527542833,0.4799991905689218,-0.0067980085667858564,9409,True,Midline_40_4.csv,5.0
353,P01,40,0.15,4,973.6947671514138,5.899945092776307,-2,-11.552763938903807,44.11066818237305,315.1993103027344,-0.3319999873638153,-11.174999916553494,-0.1859654677328168,0.13312964232409286,0.01664120529051161,0.4449996411800399,-0.0070948516667858185,9435,True,Midline_40_4.csv,5.0
354,P01,40,0.15,4,973.7114044326036,5.916611050086317,-2,-11.646708488464355,44.20526885986328,315.0113220214844,-0.3319999873638153,-11.279999607801434,-0.1879851820980471,0.13332282881856372,0.01666535360232046,0.3399999499320998,-0.00692871749036286,9462,True,Midline_40_4.csv,5.0
355,P01,40,0.15,4,973.7280682769364,5.933238973805487,-2,-11.740750312805176,44.29934692382813,314.8225936889648,-0.3319999873638153,-11.349999749660492,-0.18872350400695465,0.1330209749212372,0.01662762186515465,0.2699998080730435,-0.007212323168964139,9489,True,Midline_40_4.csv,5.0
356,P01,40,0.15,4,973.7447052562725,5.949902516284282,-2,-11.835308074951172,44.3933219909668,314.6311225891113,-0.3319999873638153,-11.490000033378598,-0.1914710402402516,0.13331316949279426,0.016664146186599282,0.1299995243549361,-0.0073159943772941405,9515,True,Midline_40_4.csv,5.0
357,P01,40,0.15,4,973.7613470652707,5.966553079045639,-2,-11.930100440979006,44.486900329589844,314.4380645751953,-0.3319999873638153,-11.594999724626538,-0.1930597706368908,0.13320208725963312,0.01665026090745414,0.02499983310699605,-0.007216801054306316,9542,True,Midline_40_4.csv,5.0
358,P01,40,0.15,4,973.7780951268404,5.983303253592568,-2,-12.025670051574707,44.58061218261719,314.2423095703125,-0.3319999873638153,-11.700000458955765,-0.1957545533721689,0.133849262012518,0.01673115775156475,-0.08000090122222936,-0.007419980520190899,9569,True,Midline_40_4.csv,5.0
359,P01,40,0.15,4,973.7947136930887,5.999904916022729,-2,-12.1209135055542,44.67337036132813,314.04670333862305,-0.3319999873638153,-11.769999557733536,-0.1956005173929602,0.13294852998660645,0.016618566248325806,-0.15000000000000036,-0.00763351399794988,9595,True,Midline_40_4.csv,5.0
360,P01,40,0.15,4,973.8113956486552,6.01660317169967,-2,-12.216941833496096,44.76625442504883,313.84955596923834,-0.3319999873638153,-11.805000150203705,-0.19714429108524706,0.13360053440192132,0.016700066800240162,-0.18500059247016945,-0.007563362248599693,9622,True,Midline_40_4.csv,5.0
361,P01,40,0.15,4,973.8280751893907,6.033260978954445,-2,-12.31303882598877,44.85856628417969,313.6523361206055,-0.3319999873638153,-11.83999969959259,-0.1972141370933069,0.13325279871423845,0.016656599839279806,-0.22000014185905487,-0.0078109704124334186,9649,True,Midline_40_4.csv,5.0
362,P01,40,0.15,4,973.8447203187817,6.049909428738487,-2,-12.409401893615724,44.95050048828125,313.45522689819336,-0.3319999873638153,-11.83999969959259,-0.1971104925415352,0.13318276860991318,0.016647846076239148,-0.22000014185905487,-0.008058479993555884,9675,True,Midline_40_4.csv,5.0
363,P01,40,0.15,4,973.8613938224393,6.066596515821288,-2,-12.506314277648926,45.04232406616211,313.25763702392584,-0.3319999873638153,-11.83999969959259,-0.19758582789641152,0.13350394115514064,0.01668799264439258,-0.22000014185905487,-0.008017876994427147,9702,True,Midline_40_4.csv,5.0
364,P01,40,0.15,4,973.8780857391844,6.0832344007188786,-2,-12.603257179260256,45.133544921875,313.06062698364263,-0.3319999873638153,-11.83999969959259,-0.19700684799110954,0.1331127385064974,0.016639092313312176,-0.22000014185905487,-0.00832278604535073,9729,True,Midline_40_4.csv,5.0
365,P01,40,0.15,4,973.8948443656404,6.10001476065554,-2,-12.701314926147461,45.22517776489258,312.8619956970215,-0.3319999873638153,-11.83999969959259,-0.1986294213076133,0.13420907185627584,0.01677613398203448,-0.22000014185905487,-0.008683435487788167,9756,True,Midline_40_4.csv,5.0
366,P01,40,0.15,4,973.9113784127977,6.116582917303276,-2,-12.798498153686525,45.31536483764648,312.665771484375,-0.3319999873638153,-11.83999969959259,-0.1962241529323717,0.13258389048041866,0.016572986310052332,-0.22000014185905487,-0.008604163500171617,9782,True,Midline_40_4.csv,5.0
367,P01,40,0.15,4,973.9280893463383,6.133297473090465,-2,-12.896596908569336,45.40578079223633,312.46832275390625,-0.3319999873638153,-11.83999969959259,-0.1974464438449108,0.13340976273957494,0.016676220342446868,-0.22000014185905487,-0.008903787216981797,9809,True,Midline_40_4.csv,5.0
368,P01,40,0.15,4,973.9447145533724,6.1499193597317126,-2,-12.99491024017334,45.49576950073242,312.27106857299805,-0.3319999873638153,-11.83999969959259,-0.19725345054314344,0.13327936185669387,0.01665992023208673,-0.22000014185905487,-0.009298569335226518,9835,True,Midline_40_4.csv,5.0
369,P01,40,0.15,4,973.9613651161336,6.166572337324169,-2,-13.09349536895752,45.58538436889648,312.0738868713379,-0.3319999873638153,-11.83999969959259,-0.19717839759223185,0.13322865040208853,0.01665358130026107,-0.22000014185905487,-0.009320605852111342,9862,True,Midline_40_4.csv,5.0
370,P01,40,0.15,4,973.9780980850087,6.18327572451733,-2,-13.192621231079102,45.67486953735352,311.87682723999023,-0.3319999873638153,-11.805000150203705,-0.19705876983936413,0.1335425784545805,0.016692822306822563,-0.18500059247016945,-0.00964402292783212,9889,True,Midline_40_4.csv,5.0
371,P01,40,0.15,4,973.9946746935657,6.199880707340299,-2,-13.291592597961426,45.76359939575195,311.6812629699707,-0.3319999873638153,-11.769999557733536,-0.19556143636975307,0.13292196684324153,0.016615245855405192,-0.15000000000000036,-0.010040652130430316,9915,True,Midline_40_4.csv,5.0
372,P01,40,0.15,4,974.0113605732324,6.216568096276888,-2,-13.3912935256958,45.85237121582031,311.48485946655273,-0.3319999873638153,-11.769999557733536,-0.19640345476413304,0.13349428183119014,0.016686785228898767,-0.15000000000000036,-0.01016725699717138,9942,True,Midline_40_4.csv,5.0
373,P01,40,0.15,4,974.0280491695848,6.233224997970068,-2,-13.49112319946289,45.94064712524414,311.2893829345703,-0.3319999873638153,-11.73500000834465,-0.19547582601823096,0.13326004320697393,0.01665750540087174,-0.11500045061111484,-0.010547579910995468,9969,True,Midline_40_4.csv,5.0
374,P01,40,0.15,4,974.0446912804373,6.249895483088495,-2,-13.591325759887695,46.02864456176758,311.09492874145513,-0.3319999873638153,-11.664999866485596,-0.1944506433048281,0.1333566364546641,0.016669579556833014,-0.045000308752060285,-0.010979047870604742,9995,True,Midline_40_4.csv,5.0
375,P01,40,0.15,4,974.06141791038,6.266623018593349,-2,-13.692179679870605,46.11660766601562,310.9003791809082,-0.3319999873638153,-11.63000031709671,-0.19454826434634806,0.1338251137003681,0.016728139212546008,-0.010000759363174794,-0.011146950721423266,10022,True,Midline_40_4.csv,5.0
376,P01,40,0.15,4,974.0781016770699,6.2832424904033815,-2,-13.792677879333494,46.20366287231445,310.70766448974615,-0.3319999873638153,-11.594999724626538,-0.19270977105257114,0.1329606041426814,0.016620075517835176,0.02499983310699605,-0.011489966125158482,10049,True,Midline_40_4.csv,5.0
377,P01,40,0.15,4,974.0946716448414,6.299874941930853,-2,-13.893535614013672,46.29043960571289,310.51540374755865,-0.3319999873638153,-11.560000175237652,-0.19225718484887594,0.13304995289581711,0.01663124411197714,0.05999938249588155,-0.011943927295347698,10075,True,Midline_40_4.csv,5.0
378,P01,40,0.15,4,974.111398878492,6.316602477435707,-2,-13.995264053344727,46.37737274169922,310.32204437255865,-0.3319999873638153,-11.560000175237652,-0.19335984507263895,0.13381303954429313,0.01672662994303664,0.05999938249588155,-0.012143747221466852,10102,True,Midline_40_4.csv,5.0
379,P01,40,0.15,4,974.1282308554448,6.33343868034308,-2,-14.097965240478516,46.46453857421875,310.1273956298828,-0.3319999873638153,-11.560000175237652,-0.19464744514649146,0.13470411224625425,0.016838014030781782,0.05999938249588155,-0.012472367301160426,10129,True,Midline_40_4.csv,5.0
380,P01,40,0.15,4,974.1446924576672,6.34989877329599,-2,-14.198648452758787,46.54940414428711,309.9371223449707,-0.3319999873638153,-11.560000175237652,-0.19027518798892654,0.13167832879207708,0.01645979109900964,0.05999938249588155,-0.013011570833644164,10155,True,Midline_40_4.csv,5.0
381,P01,40,0.15,4,974.1613049868376,6.366504057972861,-2,-14.300482749938965,46.63466262817383,309.7452087402344,-0.3319999873638153,-11.560000175237652,-0.19191522060190824,0.13281329944129538,0.016601662430161927,0.05999938249588155,-0.013156446470643915,10182,True,Midline_40_4.csv,5.0
382,P01,40,0.15,4,974.1779455884204,6.383152205903003,-2,-14.402908325195312,46.71983337402344,309.55271911621094,-0.3319999873638153,-11.560000175237652,-0.19249097673124252,0.1332117465835836,0.01665146832294795,0.05999938249588155,-0.013603891062051322,10209,True,Midline_40_4.csv,5.0
383,P01,40,0.15,4,974.1946284495483,6.3998350670311765,-2,-14.50581169128418,46.8048210144043,309.35986328125,-0.3319999873638153,-11.560000175237652,-0.19285038813531727,0.13346047419508975,0.016682559274386218,0.05999938249588155,-0.01400165168800845,10235,True,Midline_40_4.csv,5.0
384,P01,40,0.15,4,974.211328214495,6.416536643100926,-2,-14.609123229980467,46.88956069946289,309.1667823791504,-0.3319999873638153,-11.560000175237652,-0.1930806905852111,0.13361985305073176,0.01670248163134147,0.05999938249588155,-0.01424460991441242,10262,True,Midline_40_4.csv,5.0
385,P01,40,0.15,4,974.2280267720256,6.43321558012849,-2,-14.71257209777832,46.97383117675781,308.97339248657227,-0.3319999873638153,-11.594999724626538,-0.1933887702457558,0.13342908138929488,0.01667863517366186,0.02499983310699605,-0.014630440098749175,10289,True,Midline_40_4.csv,5.0
386,P01,40,0.15,4,974.2447310647806,6.449910817266415,-2,-14.816351890563965,47.05778884887695,308.7793312072754,-0.3319999873638153,-11.63000031709671,-0.1940602963814684,0.13348945216876018,0.016686181521095026,-0.010000759363174794,-0.015166165587148173,10316,True,Midline_40_4.csv,5.0
387,P01,40,0.15,4,974.2613822312497,6.466577076430327,-2,-14.920270919799805,47.14128112792969,308.5849533081055,-0.3319999873638153,-11.664999866485596,-0.19437317853887684,0.1333035101679343,0.016662938770991786,-0.045000308752060285,-0.015379045932715062,10342,True,Midline_40_4.csv,5.0
388,P01,40,0.15,4,974.2780128716538,6.483195340824749,-2,-15.024256706237793,47.22424697875977,308.3903999328613,-0.3319999873638153,-11.700000458955765,-0.19455377852735387,0.13302821941579168,0.01662852742697396,-0.08000090122222936,-0.015767110469699402,10369,True,Midline_40_4.csv,5.0
389,P01,40,0.15,4,974.2946806400873,6.499886955715965,-2,-15.128929138183596,47.30718231201172,308.19450759887695,-0.3319999873638153,-11.73500000834465,-0.19589381216406546,0.133544993284886,0.01669312416061075,-0.11500045061111484,-0.01630673399225611,10396,True,Midline_40_4.csv,5.0
390,P01,40,0.15,4,974.3114661315401,6.516663995259704,-2,-15.23439121246338,47.39015579223633,307.9970779418945,-0.3319999873638153,-11.769999557733536,-0.19742666698803,0.1341897532074654,0.016773719150933175,-0.15000000000000036,-0.016640542168456927,10422,True,Midline_40_4.csv,5.0
391,P01,40,0.15,4,974.3281009978987,6.533306709819727,-2,-15.339274406433105,47.47209167480469,307.8012619018555,-0.3319999873638153,-11.769999557733536,-0.19581368660643933,0.13309341985677747,0.016636677482097184,-0.15000000000000036,-0.016954329788825717,10449,True,Midline_40_4.csv,5.0
392,P01,40,0.15,4,974.3446727767932,6.549873960905758,-2,-15.444053649902346,47.55337142944336,307.6061630249024,-0.3319999873638153,-11.769999557733536,-0.19509956974121734,0.13260803879165906,0.016576004848957382,-0.15000000000000036,-0.01753945251892203,10476,True,Midline_40_4.csv,5.0
393,P01,40,0.15,4,974.3613719380318,6.5665746314138005,-2,-15.549904823303224,47.63490676879883,307.4095802307129,-0.3319999873638153,-11.769999557733536,-0.19657754295440505,0.13361260855799628,0.01670157606974954,-0.15000000000000036,-0.017871861942046548,10502,True,Midline_40_4.csv,5.0
394,P01,40,0.15,4,974.3781806722346,6.58337098960692,-2,-15.656597137451172,47.71650695800781,307.21195602416987,-0.3319999873638153,-11.769999557733536,-0.19761851927975985,0.13432015409034648,0.01679001926129331,-0.15000000000000036,-0.01829150848667476,10529,True,Midline_40_4.csv,5.0
395,P01,40,0.15,4,974.3947014378207,6.599901716371505,-2,-15.76194667816162,47.79650497436523,307.017333984375,-0.3319999873638153,-11.769999557733536,-0.19461993901122385,0.13228203658400162,0.016535254573000202,-0.15000000000000036,-0.01884514494145925,10556,True,Midline_40_4.csv,5.0
396,P01,40,0.15,4,974.4113529061436,6.616559523626279,-2,-15.868358612060547,47.87674331665039,306.8212585449219,-0.3319999873638153,-11.769999557733536,-0.19607659530266214,0.1332721173630489,0.016659014670381108,-0.15000000000000036,-0.019267087002204468,10582,True,Midline_40_4.csv,5.0
397,P01,40,0.15,4,974.4280436154731,6.633229706890803,-2,-15.97511386871338,47.95666885375977,306.62504959106445,-0.3319999873638153,-11.769999557733536,-0.19620449683182006,0.1333590512858791,0.016669881410734888,-0.15000000000000036,-0.019708043743868784,10609,True,Midline_40_4.csv,5.0
398,P01,40,0.15,4,974.4447017245817,6.649907134648856,-2,-16.082195281982422,48.0362663269043,306.4287452697754,-0.3319999873638153,-11.769999557733536,-0.196300422977016,0.1334242517268649,0.016678031465858112,-0.15000000000000036,-0.020281988225701455,10636,True,Midline_40_4.csv,5.0
399,P01,40,0.15,4,974.4614117525607,6.666616257066039,-2,-16.189746856689453,48.11564254760742,306.23207855224615,-0.3319999873638153,-11.769999557733536,-0.19666281063872626,0.1336705645053371,0.016708820563167137,-0.15000000000000036,-0.02081915511072603,10662,True,Midline_40_4.csv,5.0
400,P01,40,0.15,4,974.4780768043089,6.683246595616311,-2,-16.297063827514652,48.19427871704102,306.0363388061524,-0.3319999873638153,-11.769999557733536,-0.1957390773829928,0.13304270840308166,0.016630338550385204,-0.15000000000000036,-0.021246389945710792,10689,True,Midline_40_4.csv,5.0
401,P01,40,0.15,4,974.494646470226,6.6998536914165925,-2,-16.404502868652347,48.27244186401367,305.84086227416987,-0.3319999873638153,-11.769999557733536,-0.19547616868409384,0.13286401089499122,0.016608001361873903,-0.15000000000000036,-0.02186856738233335,10716,True,Midline_40_4.csv,5.0
402,P01,40,0.15,4,974.5113755150003,6.716582434336942,-2,-16.512994766235348,48.350807189941406,305.6439552307129,-0.3319999873638153,-11.769999557733536,-0.1969044024158759,0.13383477302613755,0.016729346628267194,-0.15000000000000036,-0.022414272664143284,10742,True,Midline_40_4.csv,5.0
403,P01,40,0.15,4,974.5281054653364,6.733306649448991,-2,-16.621536254882812,48.42864227294922,305.44744873046875,-0.3319999873638153,-11.769999557733536,-0.196506486549912,0.13356431193460594,0.01669553899182574,-0.15000000000000036,-0.02289640054696123,10769,True,Midline_40_4.csv,5.0
404,P01,40,0.15,4,974.544650681088,6.7498585059862535,-2,-16.729595184326172,48.50556945800781,305.25229263305664,-0.3319999873638153,-11.769999557733536,-0.19515286204425256,0.13264426125897444,0.016580532657371805,-0.15000000000000036,-0.023521049754849463,10796,True,Midline_40_4.csv,5.0
405,P01,40,0.15,4,974.5613407867096,6.766544083799545,-2,-16.838584899902347,48.582603454589844,305.05651473999023,-0.3319999873638153,-11.73500000834465,-0.19577691773388034,0.13346530385661026,0.016683162982076283,-0.11500045061111484,-0.024112472786849727,10822,True,Midline_40_4.csv,5.0
406,P01,40,0.15,4,974.5780444757567,6.78323086902833,-2,-16.947874069213867,48.6592903137207,304.86125946044916,-0.3319999873638153,-11.700000458955765,-0.19525658498002452,0.13350877081757062,0.016688596352196328,-0.08000090122222936,-0.024639339905244757,10849,True,Midline_40_4.csv,5.0
407,P01,40,0.15,4,974.594698057057,6.7999046745396745,-2,-17.05732536315918,48.73553466796875,304.6667594909668,-0.3319999873638153,-11.664999866485596,-0.1944999390636528,0.1333904440907645,0.016673805511345563,-0.045000308752060285,-0.02526283490826401,10876,True,Midline_40_4.csv,5.0
408,P01,40,0.15,4,974.6113887663864,6.816595383869184,-2,-17.167146682739258,48.811485290527344,304.4720649719238,-0.3319999873638153,-11.664999866485596,-0.1946971221002776,0.13352567463607554,0.016690709329509446,-0.045000308752060285,-0.02596936656082965,10902,True,Midline_40_4.csv,5.0
409,P01,40,0.15,4,974.6281138870603,6.833302695162955,-2,-17.277202606201172,48.88704681396485,304.2779922485352,-0.3319999873638153,-11.63000031709671,-0.19407082806306972,0.13349669666149566,0.016687087082686958,-0.010000759363174794,-0.02648864723373242,10929,True,Midline_40_4.csv,5.0
410,P01,40,0.15,4,974.6446832511233,6.849891377875565,-2,-17.38699722290039,48.96188354492188,304.0848274230957,-0.3319999873638153,-11.63000031709671,-0.19316510335015635,0.1328736702207607,0.016609208777595086,-0.010000759363174794,-0.02710549744693368,10956,True,Midline_40_4.csv,5.0
411,P01,40,0.15,4,974.661359169612,6.866562768555696,-2,-17.497451782226562,49.03662490844727,303.8909454345703,-0.3319999873638153,-11.63000031709671,-0.19388125777441267,0.1333662957786146,0.016670786972326827,-0.010000759363174794,-0.027830312311501192,10982,True,Midline_40_4.csv,5.0
412,P01,40,0.15,4,974.6780921384868,6.883263137209838,-2,-17.608362197875977,49.11112594604492,303.69670867919916,-0.3319999873638153,-11.63000031709671,-0.19423582442622744,0.1336101937267813,0.016701274215847658,-0.010000759363174794,-0.02838356404849074,11009,True,Midline_40_4.csv,5.0
413,P01,40,0.15,4,974.69474904018,6.8999453946302065,-2,-17.719392776489258,49.18516540527344,303.50270080566406,-0.3319999873638153,-11.63000031709671,-0.19400763796685072,0.1334532297005353,0.016681653712566913,-0.010000759363174794,-0.02900350260369756,11036,True,Midline_40_4.csv,5.0
414,P01,40,0.15,4,974.7113491933408,6.916556716385004,-2,-17.830209732055664,49.258522033691406,303.3095054626465,-0.3319999873638153,-11.63000031709671,-0.19319669839892686,0.1328954037016956,0.01661192546271195,-0.010000759363174794,-0.02973741789204619,11063,True,Midline_40_4.csv,5.0
415,P01,40,0.15,4,974.728054995365,6.933239275659388,-2,-17.94173812866211,49.331809997558594,303.1154975891113,-0.3319999873638153,-11.63000031709671,-0.19400763796685072,0.1334532297005353,0.016681653712566913,-0.010000759363174794,-0.030331997668469262,11089,True,Midline_40_4.csv,5.0
416,P01,40,0.15,4,974.7447994346879,6.9499773760504695,-2,-18.05389976501465,49.40496826171875,302.92081832885737,-0.3319999873638153,-11.63000031709671,-0.19467464454010827,0.1339120476231983,0.016739005952899788,-0.010000759363174794,-0.03097296589938212,11116,True,Midline_40_4.csv,5.0
417,P01,40,0.15,4,974.7614506011572,6.966656916785837,-2,-18.165903091430664,49.47748565673828,302.7268447875977,-0.3319999873638153,-11.63000031709671,-0.1939725323571056,0.13342908138838538,0.016678635173548173,-0.010000759363174794,-0.03166215292914014,11143,True,Midline_40_4.csv,5.0
418,P01,40,0.15,4,974.7780564895418,6.983225375287474,-2,-18.27741241455078,49.54914855957031,302.5341453552246,-0.3319999873638153,-11.63000031709671,-0.19269468818882704,0.13255008284431824,0.01656876035553978,-0.010000759363174794,-0.032343580703620214,11169,True,Midline_40_4.csv,5.0
419,P01,40,0.15,4,974.7946687168584,6.9998720139481065,-2,-18.38968276977539,49.620765686035156,302.3405570983887,-0.3319999873638153,-11.63000031709671,-0.19359339177979146,0.13316827962262326,0.016646034952827904,-0.010000759363174794,-0.032993530079060834,11196,True,Midline_40_4.csv,5.0
420,P01,40,0.15,4,974.8113859893308,7.016592908667235,-2,-18.50270271301269,49.69232559204102,302.1460876464844,-0.3319999873638153,-11.63000031709671,-0.19446752144657864,0.13376957258424227,0.016721196573030284,-0.010000759363174794,-0.03371068582451013,11223,True,Midline_40_4.csv,5.0
421,P01,40,0.15,4,974.8280679448973,7.033236830642751,-2,-18.61544609069824,49.76317596435547,301.95251083374023,-0.3319999873638153,-11.63000031709671,-0.19357583897624106,0.13315620546745774,0.016644525683432217,-0.010000759363174794,-0.03442548040698313,11249,True,Midline_40_4.csv,5.0
422,P01,40,0.15,4,974.8446979815936,7.049894336043736,-2,-18.728487014770508,49.83368301391602,301.7588348388672,-0.3319999873638153,-11.63000031709671,-0.19367764524185754,0.13322623557087354,0.01665327944635919,-0.010000759363174794,-0.035073839411202005,11276,True,Midline_40_4.csv,5.0
423,P01,40,0.15,4,974.8613902001924,7.0665919880127595,-2,-18.842084884643555,49.90400314331055,301.5646095275879,-0.3319999873638153,-11.63000031709671,-0.19422529274330388,0.13360294923313631,0.01670036865414204,-0.010000759363174794,-0.03579728513444635,11303,True,Midline_40_4.csv,5.0
424,P01,40,0.15,4,974.8779695254344,7.083172218816344,-2,-18.95510673522949,49.97343826293945,301.37177276611334,-0.3319999873638153,-11.63000031709671,-0.19283511062384096,0.13264667609018946,0.016580834511273682,-0.010000759363174794,-0.03652978826644634,11329,True,Midline_40_4.csv,5.0
425,P01,40,0.15,4,974.8946985702086,7.099884057918531,-2,-19.069217681884766,50.04301452636719,301.1774826049805,-0.3319999873638153,-11.63000031709671,-0.1942919934004974,0.13364883102531167,0.016706103878163958,-0.010000759363174794,-0.037213913699651234,11356,True,Midline_40_4.csv,5.0
426,P01,40,0.15,4,974.91146534672,7.116650834429834,-2,-19.184011459350586,50.11247634887695,300.9830131530762,-0.3319999873638153,-11.594999724626538,-0.19446676896598752,0.13417284938986995,0.016771606173733744,0.02499983310699605,-0.03793860289803678,11383,True,Midline_40_4.csv,5.0
427,P01,40,0.15,4,974.928070329543,7.133250383882682,-2,-19.29786872863769,50.18084335327149,300.7911071777344,-0.3319999873638153,-11.560000175237652,-0.1919047523084325,0.1328060549476504,0.0166007568684563,0.05999938249588155,-0.03873517987516485,11410,True,Midline_40_4.csv,5.0
428,P01,40,0.15,4,974.9447124403952,7.149907285575863,-2,-19.412324905395508,50.24905014038086,300.5991554260254,-0.3319999873638153,-11.524999582767489,-0.19194643300146585,0.1332383097269485,0.016654788715868563,0.09499997496604706,-0.039410369180397864,11436,True,Midline_40_4.csv,5.0
429,P01,40,0.15,4,974.9613753791663,7.166578072548192,-2,-19.527135848999023,50.31694793701172,300.4075813293457,-0.3319999873638153,-11.490000033378598,-0.19157508927791733,0.13338561442742505,0.016673201803428128,0.1299995243549361,-0.04013419681553899,11463,True,Midline_40_4.csv,5.0
430,P01,40,0.15,4,974.9779975676613,7.183193016549808,-2,-19.641773223876953,50.38422775268555,300.217830657959,-0.3319999873638153,-11.419999891519547,-0.1897461058675962,0.13292196684415106,0.016615245855518882,0.1999996662139889,-0.04093509695053873,11490,True,Midline_40_4.csv,5.0
431,P01,40,0.15,4,974.9947323476596,7.1999359466033175,-2,-19.75751495361328,50.451637268066406,300.0278015136719,-0.3319999873638153,-11.349999749660492,-0.19002882587421616,0.1339410255968687,0.01674262819960859,0.2699998080730435,-0.041636128476479316,11516,True,Midline_40_4.csv,5.0
432,P01,40,0.15,4,975.0113551398624,7.216562059198964,-2,-19.872676849365234,50.5181999206543,299.83967208862305,-0.3319999873638153,-11.315000200271607,-0.18813129830467126,0.13301373042850173,0.016626716303562716,0.30499935746192897,-0.0423320113137595,11543,True,Midline_40_4.csv,5.0
433,P01,40,0.15,4,975.0279715931337,7.23317851247009,-2,-19.98798370361328,50.58434295654297,299.6522331237793,-0.3319999873638153,-11.279999607801434,-0.18743358638007399,0.1329316261681015,0.016616453271012688,0.3399999499320998,-0.043105456718595836,11570,True,Midline_40_4.csv,5.0
434,P01,40,0.15,4,975.0446620006093,7.249866806968384,-2,-20.104001998901367,50.650390625,299.46399307250977,-0.3319999873638153,-11.279999607801434,-0.1882371455718468,0.13350152632392565,0.016687690790490706,0.3399999499320998,-0.04379658529970424,11596,True,Midline_40_4.csv,5.0
435,P01,40,0.15,4,975.0613469747144,7.266550875512166,-2,-20.2202091217041,50.716041564941406,299.27579879760737,-0.3319999873638153,-11.279999607801434,-0.1881928817184974,0.13347013351904025,0.01668376668988003,0.3399999499320998,-0.044479069047391434,11623,True,Midline_40_4.csv,5.0
436,P01,40,0.15,4,975.0781028844856,7.283271468377392,-2,-20.336894989013672,50.78145980834961,299.08717346191406,-0.3319999873638153,-11.279999607801434,-0.18861849569764708,0.13377198741545726,0.01672149842693216,0.3399999499320998,-0.0451898922376268,11650,True,Midline_40_4.csv,5.0
437,P01,40,0.15,4,975.0946825115814,7.299888525356209,-2,-20.453065872192386,50.84608459472656,298.89972686767584,-0.3319999873638153,-11.279999607801434,-0.18744039620386352,0.13293645583053149,0.01661705697881644,0.3399999499320998,-0.04592277973444759,11676,True,Midline_40_4.csv,5.0
438,P01,40,0.15,4,975.1114263471967,7.316634473948626,-2,-20.57035255432129,50.91082763671875,298.7108268737793,-0.3319999873638153,-11.279999607801434,-0.1888976984678872,0.1339700035714486,0.016746250446431073,0.3399999499320998,-0.046580349540607566,11703,True,Midline_40_4.csv,5.0
439,P01,40,0.15,4,975.1279700536786,7.333177878576863,-2,-20.68642807006836,50.97440719604492,298.52421188354487,-0.3319999873638153,-11.279999607801434,-0.1866095977169327,0.1323472370249874,0.016543404628123426,0.3399999499320998,-0.04725416940206626,11730,True,Midline_40_4.csv,5.0
440,P01,40,0.15,4,975.1447211337874,7.349919903068668,-2,-20.804107666015625,51.038368225097656,298.33535385131836,-0.3319999873638153,-11.279999607801434,-0.1888534346132554,0.13393861076565372,0.016742326345706715,0.3399999499320998,-0.047958072654733036,11757,True,Midline_40_4.csv,5.0
441,P01,40,0.15,4,975.1613249091948,7.366532432239069,-2,-20.92108154296875,51.10144424438477,298.1479606628418,-0.3319999873638153,-11.279999607801434,-0.18738591761482987,0.1328978185320011,0.016612227316500142,0.3399999499320998,-0.04858123337729595,11783,True,Midline_40_4.csv,5.0
442,P01,40,0.15,4,975.1780352390275,7.383220123029673,-2,-21.038787841796875,51.16442108154297,297.95973205566406,-0.3319999873638153,-11.279999607801434,-0.18822693083744493,0.13349428183119014,0.016686785228898767,0.3399999499320998,-0.04923142549372866,11810,True,Midline_40_4.csv,5.0
443,P01,40,0.15,4,975.1946553145453,7.399852574557143,-2,-21.15627861022949,51.22678756713867,297.77217483520513,-0.3319999873638153,-11.279999607801434,-0.18755275829510792,0.13301614525971672,0.01662701815746459,0.3399999499320998,-0.049927987655975344,11837,True,Midline_40_4.csv,5.0
444,P01,40,0.15,4,975.2112373564723,7.41644246468536,-2,-21.27374649047852,51.28864669799805,297.5849800109863,-0.3319999873638153,-11.279999607801434,-0.18719183764067615,0.13276017315547506,0.016595021644434382,0.3399999499320998,-0.050521558553490616,11863,True,Midline_40_4.csv,5.0
445,P01,40,0.15,4,975.2279799846718,7.4331838854693615,-2,-21.39244842529297,51.35066223144531,297.39614105224615,-0.3319999873638153,-11.279999607801434,-0.18883641005378166,0.13392653660957876,0.016740817076197345,0.3399999499320998,-0.05115469403214425,11890,True,Midline_40_4.csv,5.0
446,P01,40,0.15,4,975.2446507716443,7.4498564835650996,-2,-21.510875701904297,51.41204071044922,297.20806121826166,-0.3319999873638153,-11.279999607801434,-0.18807711471664065,0.1333880292595495,0.01667350365744369,0.3399999499320998,-0.05180739906973465,11917,True,Midline_40_4.csv,5.0
447,P01,40,0.15,4,975.261311899292,7.466517611212794,-2,-21.62941169738769,51.47298049926758,297.0201301574707,-0.3319999873638153,-11.279999607801434,-0.18793070350773106,0.13328419151912385,0.01666052393989048,0.3399999499320998,-0.05242747504626784,11943,True,Midline_40_4.csv,5.0
448,P01,40,0.15,4,975.2780439626052,7.483220394698152,-2,-21.74845314025879,51.53368759155274,296.8317108154297,-0.3319999873638153,-11.279999607801434,-0.18841420098652675,0.13362709754437674,0.016703387193047092,0.3399999499320998,-0.0530139160074491,11970,True,Midline_40_4.csv,5.0
449,P01,40,0.15,4,975.2946332490255,7.499841073923791,-2,-21.867107391357425,51.59370803833008,296.64421463012695,-0.3319999873638153,-11.279999607801434,-0.18748806497039006,0.13297026346754134,0.016621282933442668,0.3399999499320998,-0.0536289987688314,11997,True,Midline_40_4.csv,5.0
450,P01,40,0.15,4,975.311379197618,7.516587324370108,-2,-21.98684883117676,51.653785705566406,296.4553146362305,-0.3319999873638153,-11.279999607801434,-0.18889429355471,0.13396758873932413,0.016745948592415516,0.3399999499320998,-0.05425460777968548,12024,True,Midline_40_4.csv,5.0
451,P01,40,0.15,4,975.3279950471813,7.533203475787218,-2,-22.105857849121094,51.71300506591797,296.26788330078125,-0.3319999873638153,-11.279999607801434,-0.18743018146946164,0.13292921133779598,0.0166161514172245,0.3399999499320998,-0.0548072664694454,12050,True,Midline_40_4.csv,5.0
452,P01,40,0.15,4,975.3447086974068,7.549902335171964,-2,-22.22565078735352,51.77212524414063,296.0795249938965,-0.3319999873638153,-11.279999607801434,-0.18835972239749307,0.13358846024584636,0.016698557530730795,0.3399999499320998,-0.05538373398270823,12077,True,Midline_40_4.csv,5.0
453,P01,40,0.15,4,975.3614419681356,7.566647378202674,-2,-22.345970153808594,51.831016540527344,295.89064788818365,-0.3319999873638153,-11.279999607801434,-0.1888806739084134,0.13395792941537366,0.01674474117692171,0.3399999499320998,-0.05596973474472463,12104,True,Midline_40_4.csv,5.0
454,P01,40,0.15,4,975.3781338848806,7.583326315230237,-2,-22.465274810791016,51.88892364501953,295.7036590576172,-0.3319999873638153,-11.279999607801434,-0.18698754293083825,0.13261528328530406,0.016576910410663004,0.3399999499320998,-0.05654569977793737,12130,True,Midline_40_4.csv,5.0
455,P01,40,0.15,4,975.394662498668,7.5998549290175115,-2,-22.58512687683105,51.94661331176758,295.51552581787115,-0.3319999873638153,-11.315000200271607,-0.18813129830467126,0.13301373042850173,0.016626716303562716,0.30499935746192897,-0.05708079086092286,12157,True,Midline_40_4.csv,5.0
456,P01,40,0.15,4,975.411282574186,7.616482249028878,-2,-22.705175399780273,52.00391387939453,295.3267974853516,-0.3319999873638153,-11.349999749660492,-0.18872693004866534,0.1330233897524522,0.016627923719056525,0.2699998080730435,-0.0576650869567598,12184,True,Midline_40_4.csv,5.0
457,P01,40,0.15,4,975.4279053663887,7.6331095690402435,-2,-22.82542610168457,52.06082534790039,295.1368789672852,-0.3319999873638153,-11.419999891519547,-0.1899115700969808,0.13303787873974215,0.01662973484246777,0.1999996662139889,-0.05819217599634423,12210,True,Midline_40_4.csv,5.0
458,P01,40,0.15,4,975.4446627854293,7.6498654788111935,-2,-22.94677543640137,52.11776351928711,294.9437637329102,-0.3319999873638153,-11.524999582767489,-0.19310837425430533,0.13404486333729435,0.016755607917161797,0.09499997496604706,-0.0587288811889843,12237,True,Midline_40_4.csv,5.0
459,P01,40,0.15,4,975.4612614293204,7.6664671412413545,-2,-23.067201614379886,52.17377471923828,294.7512664794922,-0.3319999873638153,-11.594999724626538,-0.19249977130197934,0.13281571427251038,0.016601964284063797,0.02499983310699605,-0.05929219034581582,12264,True,Midline_40_4.csv,5.0
460,P01,40,0.15,4,975.4779599868511,7.683163283940985,-2,-23.18850517272949,52.229698181152344,294.5559158325196,-0.3319999873638153,-11.700000458955765,-0.1953519406300369,0.1335739712594659,0.016696746407433242,-0.08000090122222936,-0.05987058740196935,12290,True,Midline_40_4.csv,5.0
461,P01,40,0.15,4,975.4946395275864,7.6998458432152574,-2,-23.30989646911621,52.28516387939453,294.35955047607416,-0.3319999873638153,-11.769999557733536,-0.1963572681003428,0.13346288902539527,0.01668286112817441,-0.15000000000000036,-0.0603943774775509,12317,True,Midline_40_4.csv,5.0
462,P01,40,0.15,4,975.511266545744,7.716471955811016,-2,-23.43106460571289,52.34002304077149,294.1638641357422,-0.3319999873638153,-11.769999557733536,-0.19568933789757292,0.13300890076516225,0.01662611259564528,-0.15000000000000036,-0.0609663309104392,12344,True,Midline_40_4.csv,5.0
463,P01,40,0.15,4,975.5279823089467,7.733188624575519,-2,-23.553077697753906,52.3947639465332,293.96652984619135,-0.3319999873638153,-11.805000150203705,-0.19733671389183885,0.1337309352857119,0.016716366910713987,-0.18500059247016945,-0.06157636804135276,12371,True,Midline_40_4.csv,5.0
464,P01,40,0.15,4,975.5446437384484,7.749847337392111,-2,-23.67485809326172,52.44889831542969,293.76987457275385,-0.3319999873638153,-11.805000150203705,-0.1966561073007378,0.1332697025318339,0.016658712816479238,-0.18500059247016945,-0.062161769038361465,12397,True,Midline_40_4.csv,5.0
465,P01,40,0.15,4,975.561310903174,7.766512087286514,-2,-23.79686164855957,52.50263214111328,293.57314300537115,-0.3319999873638153,-11.805000150203705,-0.19672024823582104,0.13331316949279426,0.016664146186599282,-0.18500059247016945,-0.0627511761932183,12424,True,Midline_40_4.csv,5.0
466,P01,40,0.15,4,975.5779723326756,7.783178044596525,-2,-23.91907119750977,52.55595779418945,293.3763809204102,-0.3319999873638153,-11.805000150203705,-0.19675588208939065,0.13333731780494418,0.016667164725618022,-0.18500059247016945,-0.06338663812155389,12451,True,Midline_40_4.csv,5.0
467,P01,40,0.15,4,975.5946038786417,7.799811401685702,-2,-24.041105270385746,52.60870742797852,293.18019866943365,-0.3319999873638153,-11.805000150203705,-0.1961786136722994,0.13294611515539145,0.01661826439442393,-0.18500059247016945,-0.06402790312061084,12477,True,Midline_40_4.csv,5.0
468,P01,40,0.15,4,975.611378805208,7.816584517128831,-2,-24.16456794738769,52.66157150268555,292.9820098876953,-0.3319999873638153,-11.805000150203705,-0.19818479959069094,0.13430566510396602,0.016788208137995753,-0.18500059247016945,-0.06466799549990403,12504,True,Midline_40_4.csv,5.0
469,P01,40,0.15,4,975.6279348876998,7.833139694059013,-2,-24.286495208740234,52.713279724121094,292.7865829467773,-0.3319999873638153,-11.805000150203705,-0.19543030276075807,0.1324390006093381,0.016554875076167264,-0.18500059247016945,-0.06532303641622643,12531,True,Midline_40_4.csv,5.0
470,P01,40,0.15,4,975.6446808362923,7.849892887144962,-2,-24.410066604614254,52.76519012451172,292.58879852294916,-0.3319999873638153,-11.805000150203705,-0.19778213705340664,0.1340327891821289,0.016754098647766114,-0.18500059247016945,-0.06601459890361655,12558,True,Midline_40_4.csv,5.0
471,P01,40,0.15,4,975.6613757715762,7.866580879789468,-2,-24.5333194732666,52.81646728515625,292.3917999267578,-0.3319999873638153,-11.805000150203705,-0.19698750213222488,0.13349428183028067,0.016686785228785084,-0.18500059247016945,-0.06670095982853425,12584,True,Midline_40_4.csv,5.0
472,P01,40,0.15,4,975.6779768302986,7.883183145927318,-2,-24.65613174438477,52.8670654296875,292.1957931518555,-0.3319999873638153,-11.805000150203705,-0.19600400779383448,0.13282778842858536,0.01660347355357317,-0.18500059247016945,-0.06737170672548755,12611,True,Midline_40_4.csv,5.0
473,P01,40,0.15,4,975.694633128284,7.8998406513283035,-2,-24.77952003479004,52.91740798950195,291.9991455078125,-0.3319999873638153,-11.805000150203705,-0.1966454171446669,0.13326245803818892,0.016657807254773616,-0.18500059247016945,-0.06810140237789404,12638,True,Midline_40_4.csv,5.0
474,P01,40,0.15,4,975.7113211209283,7.916529549534402,-2,-24.903308868408203,52.9674186706543,291.80213928222656,-0.3319999873638153,-11.805000150203705,-0.19700888244436665,0.13350877081757062,0.016688596352196328,-0.18500059247016945,-0.06884060279779394,12664,True,Midline_40_4.csv,5.0
475,P01,40,0.15,4,975.727976513352,7.9331831308346645,-2,-25.02700614929199,53.01689910888672,291.6055450439453,-0.3319999873638153,-11.805000150203705,-0.1965919663656545,0.13322623557087354,0.01665327944635919,-0.18500059247016945,-0.06954585022422567,12691,True,Midline_40_4.csv,5.0
476,P01,40,0.15,4,975.7445890425224,7.949796565566771,-2,-25.150577545166016,53.06583786010742,291.4094161987305,-0.3319999873638153,-11.805000150203705,-0.19612516289328705,0.13290989268807607,0.01661373658600951,-0.18500059247016945,-0.07030233746576403,12718,True,Midline_40_4.csv,5.0
477,P01,40,0.15,4,975.7612833740986,7.966489689727383,-2,-25.27490997314453,53.11458587646485,291.21234130859375,-0.3319999873638153,-11.805000150203705,-0.197065896608736,0.133547408116101,0.016693426014512625,-0.18500059247016945,-0.07109743057681506,12744,True,Midline_40_4.csv,5.0
478,P01,40,0.15,4,975.7779460110157,7.983151421082879,-2,-25.399169921875,53.16281509399414,291.0156555175781,-0.3319999873638153,-11.805000150203705,-0.19668817776895045,0.13329143601276885,0.016661429501596103,-0.18500059247016945,-0.0718334392960164,12771,True,Midline_40_4.csv,5.0
479,P01,40,0.15,4,975.7946149868648,7.99981737839289,-2,-25.52361488342285,53.21062469482422,290.8189239501953,-0.3319999873638153,-11.805000150203705,-0.1967202482371631,0.13331316949370375,0.01666414618671297,-0.18500059247016945,-0.07261322488459951,12798,True,Midline_40_4.csv,5.0
480,P01,40,0.15,4,975.8112770200743,8.016482128287294,-2,-25.648237228393555,53.25801086425781,290.622184753418,-0.3319999873638153,-11.805000150203705,-0.1967416285479628,0.1333276584800842,0.016665957310010526,-0.18500059247016945,-0.07343516268906465,12825,True,Midline_40_4.csv,5.0
481,P01,40,0.15,4,975.827946297777,8.033152613405719,-2,-25.77305793762207,53.30498123168945,290.4253845214844,-0.3319999873638153,-11.805000150203705,-0.1967986427123321,0.1333662957786146,0.016670786972326827,-0.18500059247016945,-0.07424542536056544,12851,True,Midline_40_4.csv,5.0
482,P01,40,0.15,4,975.8446877185612,8.049887997111911,-2,-25.89851188659668,53.35169982910156,290.22784423828125,-0.3319999873638153,-11.805000150203705,-0.19754339023717435,0.13387099549254344,0.01673387443656793,-0.18500059247016945,-0.07505718356612305,12878,True,Midline_40_4.csv,5.0
483,P01,40,0.15,4,975.8613240941893,8.066528598694617,-2,-26.02343368530273,53.39773178100586,290.0313873291016,-0.3319999873638153,-11.805000150203705,-0.1964529943394172,0.13313205715530785,0.01664150714441348,-0.18500059247016945,-0.07589149895794625,12905,True,Midline_40_4.csv,5.0
484,P01,40,0.15,4,975.8779628846486,8.083165578030616,-2,-26.148475646972656,53.443321228027344,289.8349914550781,-0.3319999873638153,-11.805000150203705,-0.19639598017504786,0.13309341985677747,0.016636677482097184,-0.18500059247016945,-0.07677395963685509,12932,True,Midline_40_4.csv,5.0
485,P01,40,0.15,4,975.8946765348743,8.099882850502922,-2,-26.2742862701416,53.48870086669922,289.63763427734375,-0.3319999873638153,-11.805000150203705,-0.19735809420398065,0.13374542427300184,0.01671817803412523,-0.18500059247016945,-0.0776172707512301,12958,True,Midline_40_4.csv,5.0
486,P01,40,0.15,4,975.9112923844376,8.116496888942834,-2,-26.39945983886719,53.53336715698242,289.44151306152344,-0.3319999873638153,-11.805000150203705,-0.19611447273721616,0.1329026481944311,0.016612831024303887,-0.18500059247016945,-0.07847315903832247,12985,True,Midline_40_4.csv,5.0
487,P01,40,0.15,4,975.9279882252832,8.133194842765874,-2,-26.52543640136719,53.57783126831055,289.2443771362305,-0.3319999873638153,-11.805000150203705,-0.19713360092917614,0.13359328990827635,0.016699161238534543,-0.18500059247016945,-0.07937559472675178,13012,True,Midline_40_4.csv,5.0
488,P01,40,0.15,4,975.9446436177068,8.149848424066137,-2,-26.65121650695801,53.621742248535156,289.04779052734375,-0.3319999873638153,-11.805000150203705,-0.1965884029802976,0.13322382073965855,0.01665297759245732,-0.18500059247016945,-0.08028809412763463,13038,True,Midline_40_4.csv,5.0
489,P01,40,0.15,4,975.9612935767605,8.166497477557982,-2,-26.777109146118164,53.66520690917969,288.85125732421875,-0.3319999873638153,-11.805000150203705,-0.19653138881592827,0.13318518344112815,0.016648147930141022,-0.18500059247016945,-0.08117578698717427,13065,True,Midline_40_4.csv,5.0
490,P01,40,0.15,4,975.9779444413756,8.183145323634221,-2,-26.90312957763672,53.70823287963867,288.6547546386719,-0.3319999873638153,-11.805000150203705,-0.19649931834905768,0.13316344996110274,0.016645431245137843,-0.18500059247016945,-0.08210558638550057,13092,True,Midline_40_4.csv,5.0
491,P01,40,0.15,4,975.9946414896367,8.199848408973367,-2,-27.02975845336914,53.75098419189453,288.45753479003906,-0.3319999873638153,-11.805000150203705,-0.1972191221764012,0.13365124585652666,0.016706405732065832,-0.18500059247016945,-0.08306408936834239,13119,True,Midline_40_4.csv,5.0
492,P01,40,0.15,4,976.011292354252,8.216499877296428,-2,-27.156118392944336,53.79315948486328,288.2609558105469,-0.3319999873638153,-11.805000150203705,-0.1965705860535128,0.1332117465835836,0.01665146832294795,-0.18500059247016945,-0.083996387447728,13145,True,Midline_40_4.csv,5.0
493,P01,40,0.15,4,976.0279420114516,8.233145308541452,-2,-27.28256607055664,53.83488082885742,288.06446838378906,-0.3319999873638153,-11.805000150203705,-0.19648506480762984,0.13315379063624275,0.016644223829530347,-0.18500059247016945,-0.08494885223057788,13172,True,Midline_40_4.csv,5.0
494,P01,40,0.15,4,976.0446544542616,8.249860468036559,-2,-27.409711837768555,53.87635040283203,287.86711883544916,-0.3319999873638153,-11.805000150203705,-0.19734740404656767,0.13373817977844735,0.016717272472305922,-0.18500059247016945,-0.08593490404407939,13199,True,Midline_40_4.csv,5.0
495,P01,40,0.15,4,976.0612458536593,8.266450358164775,-2,-27.536022186279297,53.91706848144531,287.67128753662115,-0.3319999873638153,-11.805000150203705,-0.1958329652993845,0.13271187653208472,0.01658898456651059,-0.18500059247016945,-0.08692722359899238,13225,True,Midline_40_4.csv,5.0
496,P01,40,0.15,4,976.0779410907975,8.283145897156599,-2,-27.66328430175781,53.95761108398438,287.4741973876953,-0.3319999873638153,-11.805000150203705,-0.1970908403062347,0.13356431193460594,0.01669553899182574,-0.18500059247016945,-0.08791391005082852,13252,True,Midline_40_4.csv,5.0
497,P01,40,0.15,4,976.0946855301204,8.299893656872428,-2,-27.79108810424805,53.99784469604492,287.276481628418,-0.3319999873638153,-11.805000150203705,-0.1977144327316244,0.13398690738904406,0.016748363423630508,-0.18500059247016945,-0.08892726426476373,13279,True,Midline_40_4.csv,5.0
498,P01,40,0.15,4,976.1112742128328,8.316482641438936,-2,-27.91781616210937,54.03725814819336,287.0806427001953,-0.3319999873638153,-11.805000150203705,-0.1958400920700984,0.1327167061945147,0.016589588274314337,-0.18500059247016945,-0.08997325509215019,13306,True,Midline_40_4.csv,5.0
499,P01,40,0.15,4,976.1279830333963,8.33319176385612,-2,-28.045589447021484,54.07651901245117,286.88339996337885,-0.3319999873638153,-11.805000150203705,-0.19724406587389992,0.1336681496750316,0.01670851870937895,-0.18500059247016945,-0.09100728620035772,13332,True,Midline_40_4.csv,5.0
500,P01,40,0.15,4,976.1445997885213,8.349809424542741,-2,-28.17281150817871,54.11513137817383,286.6872100830078,-0.3319999873638153,-11.805000150203705,-0.1961893038283703,0.13295335964903646,0.016619169956129554,-0.18500059247016945,-0.09203561569288243,13359,True,Midline_40_4.csv,5.0
501,P01,40,0.15,4,976.1613098165,8.366518848813826,-2,-28.30085182189941,54.15351486206055,286.4899597167969,-0.3319999873638153,-11.805000150203705,-0.19724762925925687,0.1336705645062466,0.016708820563280824,-0.18500059247016945,-0.09310320119955597,13386,True,Midline_40_4.csv,5.0
502,P01,40,0.15,4,976.1779570588684,8.383165487474457,-2,-28.428544998168945,54.19131469726562,286.2934494018555,-0.3319999873638153,-11.805000150203705,-0.1965100085037865,0.13317069445383822,0.016646336806729778,-0.18500059247016945,-0.09420358977246797,13413,True,Midline_40_4.csv,5.0
503,P01,40,0.15,4,976.1945907178116,8.399796731586434,-2,-28.55624389648437,54.22864151000977,286.0971298217773,-0.3319999873638153,-11.805000150203705,-0.19632114908389373,0.13304270840217214,0.016630338550271517,-0.18500059247016945,-0.09526050726476544,13439,True,Midline_40_4.csv,5.0
504,P01,40,0.15,4,976.2112687492777,8.416475366760096,-2,-28.684438705444336,54.2656364440918,285.9002380371094,-0.3319999873638153,-11.805000150203705,-0.19688772734491408,0.1334266665580799,0.016678333319759986,-0.18500059247016945,-0.09635592159310284,13466,True,Midline_40_4.csv,5.0
505,P01,40,0.15,4,976.2278849006946,8.433094234862324,-2,-28.81230735778809,54.30206298828125,285.70404815673834,-0.3319999873638153,-11.805000150203705,-0.19619286721372725,0.13295577448025142,0.016619471810031428,-0.18500059247016945,-0.09748456289052544,13493,True,Midline_40_4.csv,5.0
506,P01,40,0.15,4,976.2446254159167,8.44983475008462,-2,-28.941240310668945,54.33831405639648,285.50640869140625,-0.3319999873638153,-11.805000150203705,-0.19763247486975632,0.13393136627200874,0.01674142078400109,-0.18500059247016945,-0.09861436738001747,13519,True,Midline_40_4.csv,5.0
507,P01,40,0.15,4,976.2612895621036,8.46647414425172,-2,-29.06944465637207,54.37388229370117,285.31007385253906,-0.3319999873638153,-11.805000150203705,-0.1963282758546077,0.13304753806460212,0.016630942258075262,-0.18500059247016945,-0.09972728066483734,13546,True,Midline_40_4.csv,5.0
508,P01,40,0.15,4,976.277994458566,8.483191718578041,-2,-29.19847869873047,54.40920639038086,285.1126632690429,-0.3319999873638153,-11.805000150203705,-0.19741154498165087,0.13378164673940773,0.01672270584242597,-0.18500059247016945,-0.10087781304019942,13573,True,Midline_40_4.csv,5.0
509,P01,40,0.15,4,976.2946139303763,8.499818133027588,-2,-29.3268985748291,54.443885803222656,284.9163742065429,-0.3319999873638153,-11.805000150203705,-0.19628907861702316,0.1330209749221467,0.016627621865268342,-0.18500059247016945,-0.1020564679203262,13600,True,Midline_40_4.csv,5.0
510,P01,40,0.15,4,976.311367425316,8.516571024259747,-2,-29.456409454345703,54.47838592529297,284.71918487548834,-0.3319999873638153,-11.769999557733536,-0.19718862803251,0.13402795951878946,0.016753494939848682,-0.15000000000000036,-0.10324170411049627,13626,True,Midline_40_4.csv,5.0
511,P01,40,0.15,4,976.3279530894896,8.533156084725533,-2,-29.58473014831543,54.5120964050293,284.52455902099615,-0.3319999873638153,-11.73500000834465,-0.19461860019465,0.13267565406476933,0.01658445675809617,-0.11500045061111484,-0.10439421738574964,13653,True,Midline_40_4.csv,5.0
512,P01,40,0.15,4,976.344609387475,8.549812684564813,-2,-29.71372413635254,54.54551696777344,284.3296737670898,-0.3319999873638153,-11.700000458955765,-0.19488222576288614,0.13325279871332896,0.01665659983916612,-0.08000090122222936,-0.1055899580687651,13680,True,Midline_40_4.csv,5.0
513,P01,40,0.15,4,976.3612889282105,8.566491923446279,-2,-29.84300804138184,54.57854080200195,284.13568878173834,-0.3319999873638153,-11.63000031709671,-0.19398306404135127,0.13343632588293985,0.016679540735367482,-0.010000759363174794,-0.10681238866267996,13707,True,Midline_40_4.csv,5.0
514,P01,40,0.15,4,976.3778996462573,8.583105660032286,-2,-29.97190093994141,54.611000061035156,283.9430389404297,-0.3319999873638153,-11.594999724626538,-0.19264677112752546,0.13291713718172105,0.01661464214771513,0.02499983310699605,-0.10799938654720996,13733,True,Midline_40_4.csv,5.0
515,P01,40,0.15,4,976.394610277944,8.599793350822777,-2,-30.10140419006348,54.643150329589844,283.7508087158203,-0.3319999873638153,-11.524999582767489,-0.1922282211497704,0.13343391105172486,0.016679238881465608,0.09499997496604706,-0.1092084178646477,13760,True,Midline_40_4.csv,5.0
516,P01,40,0.15,4,976.4113655840073,8.616528130821052,-2,-30.23141288757324,54.674964904785156,283.55857086181635,-0.3319999873638153,-11.490000033378598,-0.1922340665212564,0.13384443235008806,0.016730554043761003,0.1299995243549361,-0.11042926833313448,13787,True,Midline_40_4.csv,5.0
517,P01,40,0.15,4,976.4279204590836,8.633104739377814,-2,-30.360374450683594,54.7060661315918,283.3686218261719,-0.3319999873638153,-11.455000483989716,-0.1899507560345537,0.1326587502462644,0.01658234378078305,0.16499907374381986,-0.1116499941652906,13813,True,Midline_40_4.csv,5.0
518,P01,40,0.15,4,976.444581888585,8.649780054158668,-2,-30.490198135375977,54.73691940307617,283.17755126953125,-0.3319999873638153,-11.455000483989716,-0.19106760493165045,0.13343874071324535,0.01667984258915567,0.16499907374381986,-0.1128465597515244,13840,True,Midline_40_4.csv,5.0
519,P01,40,0.15,4,976.4612891998787,8.666485554329029,-2,-30.620325088500977,54.76738739013672,282.98618316650385,-0.3319999873638153,-11.455000483989716,-0.19136497027466084,0.13364641619500614,0.016705802024375768,0.16499907374381986,-0.11405486842212713,13867,True,Midline_40_4.csv,5.0
520,P01,40,0.15,4,976.4779596849974,8.683161774671477,-2,-30.750324249267575,54.79736709594727,282.79515075683594,-0.3319999873638153,-11.455000483989716,-0.1910295698304401,0.13341217757078996,0.016676522196348742,0.16499907374381986,-0.11527164375271742,13894,True,Midline_40_4.csv,5.0
521,P01,40,0.15,4,976.4945773456841,8.699780642773701,-2,-30.879980087280273,54.82681274414063,282.6047668457031,-0.3319999873638153,-11.455000483989716,-0.1903795153641555,0.1329581893114664,0.0166197736639333,0.16499907374381986,-0.11648434125080738,13920,True,Midline_40_4.csv,5.0
522,P01,40,0.15,4,976.511243604848,8.716447807499321,-2,-31.01010322570801,54.85591125488281,282.41384124755865,-0.3319999873638153,-11.455000483989716,-0.1909223799986908,0.13333731780494418,0.016667164725618022,0.16499907374381986,-0.1176740725248729,13947,True,Midline_40_4.csv,5.0
523,P01,40,0.15,4,976.5279343141774,8.733139422390536,-2,-31.140514373779297,54.88461685180664,282.22264099121094,-0.3319999873638153,-11.455000483989716,-0.19120245665613628,0.13353291912881105,0.01669161489110138,0.16499907374381986,-0.11887836356727505,13974,True,Midline_40_4.csv,5.0
524,P01,40,0.15,4,976.5445362784614,8.749735349596676,-2,-31.27024078369141,54.9127197265625,282.03199768066406,-0.3319999873638153,-11.490000033378598,-0.19064211623634986,0.13273602484423466,0.016592003105529333,0.1299995243549361,-0.12009584433572977,14001,True,Midline_40_4.csv,5.0
525,P01,40,0.15,4,976.5611998209404,8.766407042130709,-2,-31.400714874267575,54.9405288696289,281.84039306640625,-0.3319999873638153,-11.490000033378598,-0.19160283568865816,0.13340493307714496,0.01667561663464312,0.1299995243549361,-0.12128737532465125,14027,True,Midline_40_4.csv,5.0
526,P01,40,0.15,4,976.5779062266723,8.783110127469854,-2,-31.53148460388184,54.96794509887695,281.6479034423828,-0.3319999873638153,-11.524999582767489,-0.19248565723542288,0.13361260855799628,0.01670157606974954,0.09499997496604706,-0.12248251090300248,14054,True,Midline_40_4.csv,5.0
527,P01,40,0.15,4,976.5945395837616,8.79974439012085,-2,-31.66182518005371,54.99481201171875,281.45618438720703,-0.3319999873638153,-11.524999582767489,-0.19172030670934154,0.1330813457007025,0.016635168212587814,0.09499997496604706,-0.12368848183116933,14081,True,Midline_40_4.csv,5.0
528,P01,40,0.15,4,976.6112951916788,8.816499998038012,-2,-31.79320335388184,55.02143859863281,281.2624740600586,-0.3319999873638153,-11.560000175237652,-0.1937018093209209,0.13404969299972436,0.016756211624965545,0.05999938249588155,-0.12490184482520887,14108,True,Midline_40_4.csv,5.0
529,P01,40,0.15,4,976.6279074189952,8.833111319792808,-2,-31.923532485961914,55.04739379882813,281.0704498291016,-0.3319999873638153,-11.560000175237652,-0.1920233929651951,0.13288815920714114,0.016611019900892643,0.05999938249588155,-0.1261077110264839,14134,True,Midline_40_4.csv,5.0
530,P01,40,0.15,4,976.644585450461,8.84979206794367,-2,-32.054500579833984,55.07301712036133,280.8770294189453,-0.3319999873638153,-11.594999724626538,-0.19342027020893773,0.1334508148702298,0.016681351858778726,0.02499983310699605,-0.12730889506137424,14161,True,Midline_40_4.csv,5.0
531,P01,40,0.15,4,976.6613075525959,8.8665135663706,-2,-32.185867309570305,55.09825897216797,280.6831436157226,-0.3319999873638153,-11.594999724626538,-0.19388226965839414,0.13376957258333275,0.016721196572916597,0.02499983310699605,-0.1285250284045403,14188,True,Midline_40_4.csv,5.0
532,P01,40,0.15,4,976.6778995557013,8.883105871329917,-2,-32.31630706787109,55.12286758422852,280.49016571044916,-0.3319999873638153,-11.63000031709671,-0.19297202250052475,0.13274085450666462,0.016592606813333074,-0.010000759363174794,-0.1297519322313706,14215,True,Midline_40_4.csv,5.0
533,P01,40,0.15,4,976.6946116966574,8.899818314140019,-2,-32.44777297973633,55.14720916748047,280.2957992553711,-0.3319999873638153,-11.63000031709671,-0.19436571517964002,0.133699542479917,0.016712442809989625,-0.010000759363174794,-0.13098015644584948,14241,True,Midline_40_4.csv,5.0
534,P01,40,0.15,4,976.711278559529,8.916483969596129,-2,-32.57894515991211,55.17103576660156,280.1019897460937,-0.3319999873638153,-11.63000031709671,-0.19381104655624465,0.13331799915522424,0.01666474989440303,-0.010000759363174794,-0.1321951162207435,14268,True,Midline_40_4.csv,5.0
535,P01,40,0.15,4,976.7279750040823,8.933181621565154,-2,-32.710464477539055,55.19446563720703,279.90778350830084,-0.3319999873638153,-11.63000031709671,-0.19420422937877901,0.13358846024675586,0.016698557530844482,-0.010000759363174794,-0.1334292678849876,14295,True,Midline_40_4.csv,5.0
536,P01,40,0.15,4,976.74460202224,8.949809545284324,-2,-32.841506958007805,55.21735382080078,279.7143936157226,-0.3319999873638153,-11.63000031709671,-0.19338626868626185,0.1330258045836672,0.0166282255729584,-0.010000759363174794,-0.13467575848092053,14322,True,Midline_40_4.csv,5.0
537,P01,40,0.15,4,976.7612655647188,8.966472182201414,-2,-32.97289276123047,55.2398452758789,279.5206069946289,-0.3319999873638153,-11.63000031709671,-0.1937829620697707,0.1332986805064138,0.016662335063301725,-0.010000759363174794,-0.135926002530525,14348,True,Midline_40_4.csv,5.0
538,P01,40,0.15,4,976.777895903269,8.983103728167293,-2,-33.10411834716797,55.2618522644043,279.3271713256836,-0.3319999873638153,-11.63000031709671,-0.1934319059776083,0.1330571973885526,0.016632149673569074,-0.010000759363174794,-0.13715867093307627,14375,True,Midline_40_4.csv,5.0
539,P01,40,0.15,4,976.7945633698487,8.999768176207795,-2,-33.23566055297852,55.2834587097168,279.13338470458984,-0.3319999873638153,-11.63000031709671,-0.19378998319171967,0.1333035101688438,0.016662938771105473,-0.010000759363174794,-0.1384107022781117,14402,True,Midline_40_4.csv,5.0
540,P01,40,0.15,4,976.8114297581456,9.016636375628195,-2,-33.368907928466804,55.30488204956055,278.9371795654297,-0.3319999873638153,-11.63000031709671,-0.19619822797263609,0.1349600843495864,0.0168700105436983,-0.010000759363174794,-0.1396798555604009,14429,True,Midline_40_4.csv,5.0
541,P01,40,0.15,4,976.827879286212,9.03308439442526,-2,-33.498886108398445,55.32532119750977,278.7458953857422,-0.3319999873638153,-11.63000031709671,-0.19127993214254252,0.1315769058828664,0.0164471132353583,-0.010000759363174794,-0.1409428041932537,14455,True,Midline_40_4.csv,5.0
542,P01,40,0.15,4,976.8445564121164,9.0497572943749,-2,-33.63070297241211,55.34560012817383,278.5520095825196,-0.3319999873638153,-11.63000031709671,-0.19388476833670934,0.13336871061073907,0.016671088826342384,-0.010000759363174794,-0.1422018002846358,14482,True,Midline_40_4.csv,5.0
543,P01,40,0.15,4,976.8613702778354,9.066574782340696,-2,-33.76375961303711,55.36560821533203,278.3563995361328,-0.3319999873638153,-11.63000031709671,-0.19560845374081776,0.1345543927136532,0.016819299089206652,-0.010000759363174794,-0.1434863589000963,14509,True,Midline_40_4.csv,5.0
544,P01,40,0.15,4,976.8779671106032,9.083167992861833,-2,-33.894481658935554,55.38481140136719,278.1643218994141,-0.3319999873638153,-11.63000031709671,-0.19207682946789048,0.13212507255775566,0.016515634069719454,-0.010000759363174794,-0.14476324786169967,14536,True,Midline_40_4.csv,5.0
545,P01,40,0.15,4,976.8945889972445,9.09979621843479,-2,-34.02677536010742,55.40378952026367,277.97003173828125,-0.3319999873638153,-11.63000031709671,-0.1942919934004974,0.13364883102531167,0.016706103878163958,-0.010000759363174794,-0.14606056210726073,14562,True,Midline_40_4.csv,5.0
546,P01,40,0.15,4,976.9112712546647,9.11647817400126,-2,-34.158870697021484,55.42228317260742,277.77611541748047,-0.3319999873638153,-11.63000031709671,-0.19390583170123424,0.13338319959711953,0.01667289994963994,-0.010000759363174794,-0.14733662193236513,14589,True,Midline_40_4.csv,5.0
547,P01,40,0.15,4,976.9279489842768,9.133152583220408,-2,-34.29110336303711,55.44034194946289,277.58209228515625,-0.3319999873638153,-11.63000031709671,-0.19401465908879972,0.1334580593629653,0.01668225742037066,-0.010000759363174794,-0.1486253275801868,14616,True,Midline_40_4.csv,5.0
548,P01,40,0.15,4,976.9445639282784,9.149770243907028,-2,-34.422889709472656,55.4578857421875,277.3888168334961,-0.3319999873638153,-11.63000031709671,-0.1932739307377218,0.13294852998660645,0.016618566248325806,-0.010000759363174794,-0.1499257988473549,14643,True,Midline_40_4.csv,5.0
549,P01,40,0.15,4,976.961274258111,9.1664778570547,-2,-34.55543899536133,55.475074768066406,277.19451141357416,-0.3319999873638153,-11.63000031709671,-0.19430603564439547,0.13365849035017166,0.016707311293771454,-0.010000759363174794,-0.15124229768006042,14670,True,Midline_40_4.csv,5.0
550,P01,40,0.15,4,976.9779148596938,9.183117553075704,-2,-34.687503814697266,55.49174499511719,277.0009994506836,-0.3319999873638153,-11.63000031709671,-0.19351264888002204,0.1331127385064974,0.016639092313312176,-0.010000759363174794,-0.15254050148566062,14696,True,Midline_40_4.csv,5.0
551,P01,40,0.15,4,976.994638471098,9.199843277457148,-2,-34.82032012939453,55.508056640625,276.80646514892584,-0.3319999873638153,-11.63000031709671,-0.19453422210377214,0.13381545437641762,0.016726931797052202,-0.010000759363174794,-0.15385225618743165,14723,True,Midline_40_4.csv,5.0
552,P01,40,0.15,4,977.0113083525084,9.216514366283377,-2,-34.952747344970696,55.52386474609375,276.61257934570307,-0.3319999873638153,-11.63000031709671,-0.1938847683353872,0.13336871060982958,0.016671088826228697,-0.010000759363174794,-0.1551684492647043,14750,True,Midline_40_4.csv,5.0
553,P01,40,0.15,4,977.0279441244287,9.233151043765474,-2,-35.08495712280273,55.53919219970703,276.41909790039057,-0.3319999873638153,-11.63000031709671,-0.19348456439222594,0.13309341985677747,0.016636677482097184,-0.010000759363174794,-0.15649937065964706,14777,True,Midline_40_4.csv,5.0
554,P01,40,0.15,4,977.0445943853363,9.24980160652683,-2,-35.217323303222656,55.55408477783203,276.22545623779297,-0.3319999873638153,-11.63000031709671,-0.1936425396321124,0.13320208725872362,0.016650260907340453,-0.010000759363174794,-0.15782764547441755,14803,True,Midline_40_4.csv,5.0
555,P01,40,0.15,4,977.0613170911787,9.26652280309986,-2,-35.350181579589844,55.56857681274414,276.03116607666016,-0.3319999873638153,-11.63000031709671,-0.19428848284084507,0.13364641619500614,0.016705802024375768,-0.010000759363174794,-0.15915675019092562,14830,True,Midline_40_4.csv,5.0
556,P01,40,0.15,4,977.077956183492,9.283158575020252,-2,-35.48264694213867,55.58257293701172,275.837516784668,-0.3319999873638153,-11.63000031709671,-0.19364605019308692,0.1332045020899386,0.016650562761242327,-0.010000759363174794,-0.16049009069930426,14857,True,Midline_40_4.csv,5.0
557,P01,40,0.15,4,977.0946182167016,9.299825437891966,-2,-35.61529922485352,55.59613418579102,275.6442413330078,-0.3319999873638153,-11.594999724626538,-0.19326627039157346,0.13334456229858915,0.016668070287323644,0.02499983310699605,-0.1618396990066003,14884,True,Midline_40_4.csv,5.0
558,P01,40,0.15,4,977.1112992667064,9.316507091604537,-2,-35.748104095458984,55.60926055908203,275.451400756836,-0.3319999873638153,-11.560000175237652,-0.19283991984052734,0.1334532297005353,0.016681653712566913,0.05999938249588155,-0.16319771856413273,14911,True,Midline_40_4.csv,5.0
559,P01,40,0.15,4,977.1278598770067,9.333068607466542,-2,-35.8799934387207,55.62184524536133,275.26052856445307,-0.3319999873638153,-11.524999582767489,-0.1908645056674587,0.13248729723363795,0.016560912154204743,0.09499997496604706,-0.16452635580717795,14937,True,Midline_40_4.csv,5.0
560,P01,40,0.15,4,977.1445702068393,9.349778333591416,-2,-36.01310729980469,55.63410186767578,275.0685272216797,-0.3319999873638153,-11.490000033378598,-0.19199475373384156,0.13367780899989154,0.016709726124986446,0.1299995243549361,-0.16587716197158822,14964,True,Midline_40_4.csv,5.0
561,P01,40,0.15,4,977.1612415975197,9.366446705732642,-2,-36.14593124389648,55.64588165283203,274.8781814575196,-0.3319999873638153,-11.419999891519547,-0.1903493608717779,0.13334456229767966,0.016668070287209957,0.1999996662139889,-0.16723161798074426,14991,True,Midline_40_4.csv,5.0
562,P01,40,0.15,4,977.1778818972484,9.383087911023154,-2,-36.27858352661133,55.657203674316406,274.688705444336,-0.3319999873638153,-11.385000342130661,-0.18946700113949344,0.13313447198652284,0.016641808998315355,0.2349992156028744,-0.16858915858063125,15017,True,Midline_40_4.csv,5.0
563,P01,40,0.15,4,977.1945970567433,9.399790392654607,-2,-36.41172409057617,55.66812515258789,274.4991836547852,-0.3319999873638153,-11.349999749660492,-0.1895251977530655,0.13358604541554087,0.016698255676942608,0.2699998080730435,-0.16992020657606974,15044,True,Midline_40_4.csv,5.0
564,P01,40,0.15,4,977.2112941050045,9.416496798386676,-2,-36.54499053955078,55.678611755371094,274.30951690673834,-0.3319999873638153,-11.349999749660492,-0.1896588133759119,0.13368022383019704,0.01671002797877463,0.2699998080730435,-0.17125227320635406,15071,True,Midline_40_4.csv,5.0
565,P01,40,0.15,4,977.2279165953537,9.43312049615122,-2,-36.67760467529297,55.68860626220703,274.12142181396484,-0.3319999873638153,-11.315000200271607,-0.18809714353635607,0.1329895821172613,0.016623697764657663,0.30499935746192897,-0.17257600970648485,15098,True,Midline_40_4.csv,5.0
566,P01,40,0.15,4,977.2445680636766,9.449774379305381,-2,-36.81049728393555,55.69818115234375,273.93296813964844,-0.3319999873638153,-11.315000200271607,-0.18844552217728755,0.133235894894824,0.016654486861853002,0.30499935746192897,-0.17390552953171215,15125,True,Midline_40_4.csv,5.0
567,P01,40,0.15,4,977.2612693378923,9.466475955375133,-2,-36.94379806518555,55.70734405517578,273.74398803710943,-0.3319999873638153,-11.315000200271607,-0.18898175205102766,0.13361502338921127,0.01670187792365141,0.30499935746192897,-0.17523113431548626,15151,True,Midline_40_4.csv,5.0
568,P01,40,0.15,4,977.2778592280208,9.483066147357247,-2,-37.07624053955078,55.71601104736328,273.556266784668,-0.3319999873638153,-11.315000200271607,-0.1877214410771707,0.13272395068815968,0.01659049383601996,0.30499935746192897,-0.1765171609192212,15178,True,Midline_40_4.csv,5.0
569,P01,40,0.15,4,977.2945605022363,9.499768327134802,-2,-37.20960235595703,55.72430038452149,273.36727142333984,-0.3319999873638153,-11.315000200271607,-0.18898516752798775,0.13361743822042627,0.016702179777553283,0.30499935746192897,-0.17781574489039886,15205,True,Midline_40_4.csv,5.0
570,P01,40,0.15,4,977.311333013972,9.516535405500008,-2,-37.3434944152832,55.732177734375,273.17757415771484,-0.3319999873638153,-11.315000200271607,-0.18969900219851052,0.13412213793435512,0.01676526724179439,0.30499935746192897,-0.1791142626341958,15232,True,Midline_40_4.csv,5.0
571,P01,40,0.15,4,977.3278673629833,9.533072773050208,-2,-37.4755973815918,55.7395133972168,272.9904403686524,-0.3319999873638153,-11.315000200271607,-0.18713056357464086,0.13230618489615156,0.016538273112018942,0.30499935746192897,-0.18040434627196605,15259,True,Midline_40_4.csv,5.0
572,P01,40,0.15,4,977.3445577704587,9.54976016198691,-2,-37.60890579223633,55.74647903442383,272.80162811279297,-0.3319999873638153,-11.315000200271607,-0.1888075627286324,0.13349186699906568,0.01668648337488321,0.30499935746192897,-0.18167063758359656,15285,True,Midline_40_4.csv,5.0
573,P01,40,0.15,4,977.3612913430417,9.566495847546891,-2,-37.742530822753906,55.75301742553711,272.61239624023443,-0.3310000002384186,-11.315000200271607,-0.18922425091133965,0.1337864764027472,0.0167233095503434,0.2699998080730435,-0.18293907350917926,15312,True,Midline_40_4.csv,5.0
574,P01,40,0.15,4,977.3778788183387,9.583082719136089,-2,-37.875186920166016,55.759071350097656,272.4245681762696,-0.3310000002384186,-11.315000200271607,-0.1878204899064425,0.13279398079157545,0.01659924759894693,0.2699998080730435,-0.18419272110816665,15339,True,Midline_40_4.csv,5.0
575,P01,40,0.15,4,977.3945785832848,9.599787615598757,-2,-38.00862121582031,55.76472091674805,272.23625946044916,-0.3310000002384186,-11.279999607801434,-0.18831205363224893,0.13355465260974594,0.016694331576218246,0.3050004005432143,-0.1854526348642536,15366,True,Midline_40_4.csv,5.0
576,P01,40,0.15,4,977.4112937427801,9.616485569421684,-2,-38.14204406738281,55.76993179321289,272.0479888916016,-0.33000001311302185,-11.279999607801434,-0.1882711946907943,0.13352567463607554,0.016690709329509446,0.2700008511543288,-0.18670623257515906,15393,True,Midline_40_4.csv,5.0
577,P01,40,0.15,4,977.42793102397,9.63313069881292,-2,-38.27525329589844,55.774696350097656,271.86003875732416,-0.33000001311302185,-11.279999607801434,-0.18794432315531007,0.13329385084398382,0.016661731355497974,0.2700008511543288,-0.1879331460518498,15419,True,Midline_40_4.csv,5.0
578,P01,40,0.15,4,977.4445399308936,9.64974443539893,-2,-38.40800476074219,55.77900695800781,271.67276000976557,-0.32899999618530273,-11.279999607801434,-0.1872769604354802,0.13282054393403087,0.016602567991753858,0.2350002586841597,-0.1891491849756704,15446,True,Midline_40_4.csv,5.0
579,P01,40,0.15,4,977.461262334882,9.666464726410254,-2,-38.54181289672852,55.78291320800781,271.4840087890625,-0.32899999618530273,-11.279999607801434,-0.18874788234708287,0.13386375099980796,0.016732968874975995,0.2350002586841597,-0.19037237353381373,15473,True,Midline_40_4.csv,5.0
580,P01,40,0.15,4,977.4779343292698,9.683141248606603,-2,-38.67509460449219,55.7863655090332,271.2960205078125,-0.328000009059906,-11.279999607801434,-0.1879919919205542,0.1333276584800842,0.016665957310010526,0.20000070929527425,-0.19158635790902231,15500,True,Midline_40_4.csv,5.0
581,P01,40,0.15,4,977.4945293509143,9.699733855419822,-2,-38.80789184570313,55.78937149047852,271.1087188720703,-0.328000009059906,-11.279999607801434,-0.18729398499623634,0.13283261809101532,0.016604077261376915,0.20000070929527425,-0.1927845256703808,15526,True,Midline_40_4.csv,5.0
582,P01,40,0.15,4,977.5112369640622,9.716442072275301,-2,-38.94145584106445,55.79195785522461,270.9203491210937,-0.328000009059906,-11.279999607801434,-0.18836312730938784,0.13359087507706136,0.01669885938463267,0.20000070929527425,-0.19396867648787025,15553,True,Midline_40_4.csv,5.0
583,P01,40,0.15,4,977.5279219381675,9.733125235257376,-2,-39.07497787475586,55.79410171508789,270.7320709228516,-0.328000009059906,-11.279999607801434,-0.18828821925026806,0.13353774879215052,0.016692218599018815,0.20000070929527425,-0.19514895253907905,15580,True,Midline_40_4.csv,5.0
584,P01,40,0.15,4,977.5445649545816,9.7497688553791,-2,-39.208106994628906,55.79580307006836,270.5443344116211,-0.328000009059906,-11.279999607801434,-0.18772640879789312,0.13313930164895282,0.016642412706119103,0.20000070929527425,-0.1963205436511532,15607,True,Midline_40_4.csv,5.0
585,P01,40,0.15,4,977.5613214680603,9.766526274419675,-2,-39.34217071533203,55.79707717895508,270.35529327392584,-0.328000009059906,-11.279999607801434,-0.1890372998517248,0.1340690116485348,0.01675862645606685,0.20000070929527425,-0.19748943856374052,15634,True,Midline_40_4.csv,5.0
586,P01,40,0.15,4,977.5778950580783,9.78309684589851,-2,-39.4747200012207,55.79789733886719,270.1683959960937,-0.328000009059906,-11.279999607801434,-0.18689901522285707,0.13255249767462374,0.016569062209327967,0.20000070929527425,-0.1986473414932609,15660,True,Midline_40_4.csv,5.0
587,P01,40,0.15,4,977.5945287170211,9.799736843773417,-2,-39.60776138305664,55.79829025268555,269.98080444335943,-0.3269999921321869,-11.279999607801434,-0.18759021232466785,0.13304270840217214,0.016630338550271517,0.16500011682510518,-0.19977849311953144,15687,True,Midline_40_4.csv,5.0
588,P01,40,0.15,4,977.6112785897144,9.816486112758753,-2,-39.741844177246094,55.79824447631836,269.791748046875,-0.3269999921321869,-11.279999607801434,-0.18905772932309334,0.13408350063582475,0.016760437579478094,0.16500011682510518,-0.2009189942410412,15714,True,Midline_40_4.csv,5.0
589,P01,40,0.15,4,977.6278669705732,9.833072078786245,-2,-39.8745231628418,55.79776382446289,269.60466766357416,-0.3269999921321869,-11.279999607801434,-0.18707947555071414,0.13268048372719932,0.016585060465899915,0.16500011682510518,-0.2020414061758996,15741,True,Midline_40_4.csv,5.0
590,P01,40,0.15,4,977.6444906683375,9.849699398797613,-2,-40.00754928588867,55.79684448242188,269.4170913696289,-0.3269999921321869,-11.279999607801434,-0.1875697828532993,0.1330282194148822,0.016628527426860273,0.16500011682510518,-0.20316905239252867,15768,True,Midline_40_4.csv,5.0
591,P01,40,0.15,4,977.6612924599008,9.866499982945244,-2,-40.14194869995117,55.79547882080078,269.22756958007807,-0.3269999921321869,-11.279999607801434,-0.18951058259740106,0.1344046731819617,0.016800584147745212,0.16500011682510518,-0.20428120020861315,15795,True,Midline_40_4.csv,5.0
592,P01,40,0.15,4,977.6778582017174,9.883065724761764,-2,-40.27446365356445,55.79369354248047,269.04071807861334,-0.3269999921321869,-11.279999607801434,-0.1868615611932972,0.13252593453216832,0.01656574181652104,0.16500011682510518,-0.20536180898517647,15821,True,Midline_40_4.csv,5.0
593,P01,40,0.15,4,977.6945359313294,9.899743152519818,-2,-40.40786361694336,55.79145812988281,268.85260009765625,-0.3269999921321869,-11.279999607801434,-0.18812137856998998,0.1334194220644349,0.016677427758054364,0.16500011682510518,-0.2064516195179432,15848,True,Midline_40_4.csv,5.0
594,P01,40,0.15,4,977.7114454847335,9.916454991622118,-2,-40.54145050048828,55.78878402709961,268.6641998291016,-0.3269999921321869,-11.279999607801434,-0.1883937715164406,0.13361260855799628,0.01670157606974954,0.16500011682510518,-0.2075333415763324,15875,True,Midline_40_4.csv,5.0
595,P01,40,0.15,4,977.7278877683066,9.933096196912631,-2,-40.67462539672852,55.78567886352539,268.4763641357422,-0.3269999921321869,-11.279999607801434,-0.1878285561521709,0.1332117465835836,0.01665146832294795,0.16500011682510518,-0.2086098546748012,15902,True,Midline_40_4.csv,5.0
596,P01,40,0.15,4,977.7445012030388,9.949709027936931,-2,-40.80747985839844,55.78214645385742,268.2889633178711,-0.3269999921321869,-11.279999607801434,-0.18739272743861934,0.1329026481944311,0.016612831024303887,0.16500011682510518,-0.20966686296756026,15928,True,Midline_40_4.csv,5.0
597,P01,40,0.15,4,977.7612196829266,9.966429318948258,-2,-40.94111633300781,55.77815628051758,268.10045623779297,-0.3269999921321869,-11.279999607801434,-0.18850953851829735,0.13369471281748702,0.016711839102185874,0.16500011682510518,-0.21071546222594592,15955,True,Midline_40_4.csv,5.0
598,P01,40,0.15,4,977.777895903269,9.983104331875095,-2,-41.07451248168945,55.77373123168945,267.9122695922852,-0.3269999921321869,-11.279999607801434,-0.18818947680660267,0.13346771868782525,0.016683464835978157,0.16500011682510518,-0.21175735557976014,15982,True,Midline_40_4.csv,5.0
599,P01,40,0.15,4,977.7946086479327,9.99981224687667,-2,-41.20807266235352,55.76886367797852,267.72382354736334,-0.3269999921321869,-11.279999607801434,-0.18844484519486188,0.13364883102622116,0.016706103878277645,0.16500011682510518,-0.21279176302202385,16009,True,Midline_40_4.csv,5.0
600,P01,40,0.15,4,977.8112589088404,10.016465828176932,-2,-41.341209411621094,55.763572692871094,267.53594970703125,-0.3269999921321869,-11.279999607801434,-0.18787282000552027,0.13324313938846902,0.016655392423558624,0.16500011682510518,-0.21381885536676312,16036,True,Midline_40_4.csv,5.0
601,P01,40,0.15,4,977.8278518175076,10.033058434990153,-2,-41.47382736206055,55.75786590576172,267.34878540039057,-0.3269999921321869,-11.279999607801434,-0.18716459834680052,0.13274085450666462,0.016592606813333074,0.16500011682510518,-0.21483604653040395,16062,True,Midline_40_4.csv,5.0
602,P01,40,0.15,4,977.844562751048,10.049765746283924,-2,-41.607322692871094,55.751686096191406,267.1603546142578,-0.3269999921321869,-11.279999607801434,-0.18842782063410574,0.1336367568692367,0.016704594608654588,0.16500011682510518,-0.21583661450204408,16089,True,Midline_40_4.csv,5.0
603,P01,40,0.15,4,977.8612241805496,10.06643049617844,-2,-41.74042510986328,55.74508285522461,266.9724502563477,-0.3269999921321869,-11.279999607801434,-0.18790346421385545,0.1332648728703134,0.016658109108789176,0.16500011682510518,-0.21682945194663644,16116,True,Midline_40_4.csv,5.0
604,P01,40,0.15,4,977.8778463690448,10.083052382819574,-2,-41.873291015625,55.73805618286133,266.78484344482416,-0.3269999921321869,-11.279999607801434,-0.18760383197096445,0.1330523677261226,0.016631545965765326,0.16500011682510518,-0.2178154335458181,16143,True,Midline_40_4.csv,5.0
605,P01,40,0.15,4,977.8945407006211,10.099745808834086,-2,-42.00662612915039,55.7305679321289,266.5959625244141,-0.3269999921321869,-11.315000200271607,-0.18888270322175585,0.1335449932857955,0.016693124160724437,0.12999952435493434,-0.21879655667868103,16170,True,Midline_40_4.csv,5.0
606,P01,40,0.15,4,977.9112302025347,10.116436216309692,-2,-42.1397590637207,55.72264862060547,266.40674591064453,-0.3269999921321869,-11.349999749660492,-0.18921685400426355,0.13336871060982958,0.016671088826228697,0.09499997496604884,-0.21977493318996705,16197,True,Midline_40_4.csv,5.0
607,P01,40,0.15,4,977.9278611447928,10.133065347444472,-2,-42.27267837524414,55.71430206298828,266.2172088623047,-0.3269999921321869,-11.385000342130661,-0.18953573327372128,0.13318276860991318,0.016647846076239148,0.05999938249587977,-0.22072813733723293,16223,True,Midline_40_4.csv,5.0
608,P01,40,0.15,4,977.9445289132263,10.149735832562897,-2,-42.405757904052734,55.70550155639648,266.0268173217773,-0.3269999921321869,-11.419999891519547,-0.19038727975857112,0.13337112544104454,0.016671390680130568,0.024999833106994274,-0.22168345975897455,16250,True,Midline_40_4.csv,5.0
609,P01,40,0.15,4,977.9612096613772,10.166409034366437,-2,-42.53873825073242,55.696266174316406,265.83536529541016,-0.3269999921321869,-11.490000033378598,-0.19145369873484486,0.1333010953376288,0.0166626369172036,-0.045000308752058515,-0.2226356719647403,16277,True,Midline_40_4.csv,5.0
610,P01,40,0.15,4,977.9778246053787,10.18303243027708,-2,-42.67145919799805,55.68660354614258,265.6442413330078,-0.3269999921321869,-11.490000033378598,-0.19112421011252215,0.13307168637584255,0.016633960796980318,-0.045000308752058515,-0.22359048814990945,16304,True,Midline_40_4.csv,5.0
611,P01,40,0.15,4,977.9945080702147,10.199715593259155,-2,-42.804542541503906,55.67646789550781,265.4519500732422,-0.3269999921321869,-11.524999582767489,-0.19228040413985747,0.13347013351904025,0.01668376668988003,-0.07999985814094758,-0.22454806200385896,16331,True,Midline_40_4.csv,5.0
612,P01,40,0.15,4,978.0112253426872,10.21639453028672,-2,-42.93754959106445,55.66588592529297,265.25914764404297,-0.3269999921321869,-11.560000175237652,-0.192805025530256,0.13342908138929488,0.01667863517366186,-0.11500045061111308,-0.22549647890690966,16357,True,Midline_40_4.csv,5.0
613,P01,40,0.15,4,978.0278541719679,10.233060789450633,-2,-43.0704231262207,55.65486526489258,265.06531524658203,-0.3269999921321869,-11.63000031709671,-0.1938285993611172,0.1333300733112992,0.0166662591639124,-0.18500059247016945,-0.22644472031168916,16384,True,Midline_40_4.csv,5.0
614,P01,40,0.15,4,978.0447039583008,10.249912688760562,-2,-43.203956604003906,55.64333724975586,264.8692855834961,-0.3269999921321869,-11.700000458955765,-0.1960194301761331,0.13403037435000442,0.016753796793750553,-0.255000734329224,-0.2274033179552412,16411,True,Midline_40_4.csv,5.0
615,P01,40,0.15,4,978.0611984625978,10.26639753373297,-2,-43.3360710144043,55.63147354125977,264.67412567138666,-0.3269999921321869,-11.769999557733536,-0.19515286204425256,0.13264426125897444,0.016580532657371805,-0.324999833106995,-0.2283654288371059,16438,True,Midline_40_4.csv,5.0
616,P01,40,0.15,4,978.0778644199077,10.283071641098104,-2,-43.46890640258789,55.61909103393555,264.47784423828125,-0.3269999921321869,-11.769999557733536,-0.19627910605660476,0.13340976274048444,0.016676220342560555,-0.324999833106995,-0.2293430358763097,16465,True,Midline_40_4.csv,5.0
617,P01,40,0.15,4,978.0945379235652,10.299743333632136,-2,-43.60165786743164,55.60625839233398,264.2810440063477,-0.3269999921321869,-11.805000150203705,-0.1968022060976891,0.13336871060982958,0.016671088826228697,-0.36000042557716405,-0.2303297553385225,16491,True,Midline_40_4.csv,5.0
618,P01,40,0.15,4,978.1113620523167,10.316438570770174,-2,-43.7343978881836,55.59296417236328,264.08301544189453,-0.3269999921321869,-11.87500029206276,-0.19802295240671366,0.13340493307714496,0.01667561663464312,-0.4300005674362186,-0.2313172347753795,16518,True,Midline_40_4.csv,5.0
619,P01,40,0.15,4,978.1279093810457,10.33311690408982,-2,-43.867271423339844,55.57919311523438,263.88414001464844,-0.3269999921321869,-11.909999841451645,-0.19887262738498204,0.13358363058432587,0.016697953823040734,-0.4650001168251041,-0.2323224695649337,16545,True,Midline_40_4.csv,5.0
620,P01,40,0.15,4,978.1445270417322,10.349734866630456,-2,-43.99946594238281,55.56502914428711,263.68563079833984,-0.3269999921321869,-11.945000433921814,-0.19851238669239904,0.13295094481782144,0.01661886810222768,-0.5000007092952732,-0.2333401508982631,16572,True,Midline_40_4.csv,5.0
621,P01,40,0.15,4,978.1612319381948,10.3664379519696,-2,-44.13212203979492,55.55035018920898,263.48517608642584,-0.3269999921321869,-12.014999532699585,-0.2004481954335976,0.13346530385661026,0.016683162982076283,-0.5699998080730442,-0.2343814647650758,16599,True,Midline_40_4.csv,5.0
622,P01,40,0.15,4,978.177850806297,10.383058933049142,-2,-44.2643928527832,55.53524398803711,263.28406524658203,-0.3269999921321869,-12.08499967455864,-0.20110896052009627,0.13312964232409286,0.01664120529051161,-0.6399999499320987,-0.2354462395634315,16626,True,Midline_40_4.csv,5.0
623,P01,40,0.15,4,978.1945886048344,10.399793109339612,-2,-44.39733505249024,55.51958847045898,263.080680847168,-0.3269999921321869,-12.154999816417696,-0.20338189553521246,0.13385892133737798,0.016732365167172247,-0.7100000917911551,-0.23653128330505135,16652,True,Midline_40_4.csv,5.0
624,P01,40,0.15,4,978.2111748727156,10.416379075367217,-2,-44.5290641784668,55.50360107421875,262.87789916992193,-0.3269999921321869,-12.224999958276749,-0.2027781946498187,0.13269738754479474,0.016587173443099346,-0.7800002336502079,-0.2376209974616585,16679,True,Midline_40_4.csv,5.0
625,P01,40,0.15,4,978.2278375096328,10.433045032677226,-2,-44.66124725341797,55.487083435058594,262.672592163086,-0.3269999921321869,-12.329999649524686,-0.2053088767289171,0.1332093317532781,0.016651166469159758,-0.8849999248981462,-0.2387502374570259,16706,True,Midline_40_4.csv,5.0
626,P01,40,0.15,4,978.2445309356474,10.449737854983935,-2,-44.7938232421875,55.47003555297852,262.46481323242193,-0.3269999921321869,-12.435000383853913,-0.20777043656334385,0.1336681496741221,0.016708518709265263,-0.9900006592273716,-0.2399147118307768,16733,True,Midline_40_4.csv,5.0
627,P01,40,0.15,4,978.2612376432334,10.466442449592703,-2,-44.92630004882813,55.45251083374024,262.2547607421875,-0.3269999921321869,-12.574999624490738,-0.21005267930712565,0.13363192720771622,0.016703990900964527,-1.1299998998641971,-0.2411166329357766,16760,True,Midline_40_4.csv,5.0
628,P01,40,0.15,4,978.277977252894,10.483159118357207,-2,-45.05874252319336,55.43449783325195,262.04290008544916,-0.3269999921321869,-12.680000358819964,-0.21185636821510698,0.13366332001260162,0.016707915001575202,-1.2350006341934223,-0.2423591821525259,16787,True,Midline_40_4.csv,5.0
629,P01,40,0.15,4,978.2946057803207,10.499808775556858,-2,-45.190650939941406,55.41606140136719,261.83062744140625,-0.3269999921321869,-12.750000500679016,-0.2122715917194764,0.13319001310355816,0.01664875163794477,-1.305000776052475,-0.24364293857929656,16813,True,Midline_40_4.csv,5.0
630,P01,40,0.15,4,978.3112183094913,10.516364254340942,-2,-45.32182312011719,55.39723205566406,261.61884307861334,-0.3269999921321869,-12.785000050067902,-0.21178143234718166,0.13251869003852335,0.016564836254815418,-1.3400003254413608,-0.244954521181472,16840,True,Midline_40_4.csv,5.0
631,P01,40,0.15,4,978.3278329516389,10.533038663559976,-2,-45.45379257202149,55.37778854370117,261.4056625366211,-0.3269999921321869,-12.785000050067902,-0.2131823227016766,0.1333952737531945,0.01667440921914931,-1.3400003254413608,-0.24633253853660456,16867,True,Midline_40_4.csv,5.0
632,P01,40,0.15,4,978.3445496204035,10.549750804516066,-2,-45.58597946166992,55.357810974121094,261.192008972168,-0.3269999921321869,-12.785000050067902,-0.21364928615172146,0.13368746832384204,0.016710933540480255,-1.3400003254413608,-0.2477626860336963,16894,True,Midline_40_4.csv,5.0
633,P01,40,0.15,4,978.3611908256943,10.56635608919305,-2,-45.71726989746094,55.33746719360352,260.9796905517578,-0.3269999921321869,-12.785000050067902,-0.2123217206380874,0.13285676640225574,0.016607095800281968,-1.3400003254413608,-0.2492409364907751,16921,True,Midline_40_4.csv,5.0
634,P01,40,0.15,4,978.37784018104,10.583046496668658,-2,-45.84914016723633,55.31653213500977,260.76630401611334,-0.3269999921321869,-12.785000050067902,-0.21338686041129648,0.13352325980486054,0.016690407475607568,-1.3400003254413608,-0.2507698948436453,16947,True,Midline_40_4.csv,5.0
635,P01,40,0.15,4,978.3944892345315,10.599694040890997,-2,-45.9805908203125,55.29516220092773,260.553466796875,-0.3269999921321869,-12.785000050067902,-0.2128311353117885,0.1331755241162682,0.016646940514533526,-1.3400003254413608,-0.25233384360115363,16974,True,Midline_40_4.csv,5.0
636,P01,40,0.15,4,978.4112282404843,10.61640014476916,-2,-46.11243438720703,55.27322387695313,260.340446472168,-0.3269999921321869,-12.750000500679016,-0.2130143787231862,0.13365607551895664,0.01670700943986958,-1.305000776052475,-0.2539578821195606,17001,True,Midline_40_4.csv,5.0
637,P01,40,0.15,4,978.427884236616,10.633079685504526,-2,-46.24393081665039,55.2508430480957,260.12786102294916,-0.3269999921321869,-12.750000500679016,-0.21258717998048046,0.1333880292595495,0.01667350365744369,-1.305000776052475,-0.2556249047058479,17028,True,Midline_40_4.csv,5.0
638,P01,40,0.15,4,978.444526649322,10.649729644557963,-2,-46.37519454956055,55.22800064086914,259.91551971435547,-0.3269999921321869,-12.750000500679016,-0.21234471582862735,0.1332358948957335,0.016654486861966692,-1.305000776052475,-0.25734001481382063,17055,True,Midline_40_4.csv,5.0
639,P01,40,0.15,4,978.4612110197197,10.666377188780302,-2,-46.50632095336914,55.20468139648438,259.7032623291016,-0.3269999921321869,-12.750000500679016,-0.21226004580727634,0.13318276860991318,0.016647846076239148,-1.305000776052475,-0.25910494548031016,17082,True,Midline_40_4.csv,5.0
640,P01,40,0.15,4,978.4778959938252,10.683102309453943,-2,-46.63797378540039,55.1807632446289,259.4900054931641,-0.3269999921321869,-12.750000500679016,-0.21325684287503927,0.13380820988277264,0.01672602623534658,-1.305000776052475,-0.260923641550992,17109,True,Midline_40_4.csv,5.0
641,P01,40,0.15,4,978.494560140012,10.699766153786753,-2,-46.76904296875,55.15644836425781,259.2775497436524,-0.3269999921321869,-12.750000500679016,-0.2124563263103291,0.13330592499914928,0.01666324062489366,-1.305000776052475,-0.2627782303881474,17135,True,Midline_40_4.csv,5.0
642,P01,40,0.15,4,978.511370685338,10.716372947733133,-2,-46.89958190917969,55.13172912597656,259.06580352783203,-0.3269999921321869,-12.750000500679016,-0.21174047976841948,0.13285676640225574,0.016607095800281968,-1.305000776052475,-0.264670905171464,17162,True,Midline_40_4.csv,5.0
643,P01,40,0.15,4,978.5279801959697,10.733189228283322,-2,-47.03166961669922,55.1062126159668,258.8513946533203,-0.3269999921321869,-12.750000500679016,-0.21440758543590416,0.1345302444024128,0.0168162805503016,-1.305000776052475,-0.26663801616396515,17189,True,Midline_40_4.csv,5.0
644,P01,40,0.15,4,978.5445537859872,10.749762214593376,-2,-47.1617546081543,55.0805778503418,258.6400756835937,-0.3269999921321869,-12.750000500679016,-0.2113094323868642,0.13258630531072413,0.016573288163840516,-1.305000776052475,-0.2686236166734547,17216,True,Midline_40_4.csv,5.0
645,P01,40,0.15,4,978.5612055561644,10.766365688146946,-2,-47.29197311401367,55.05441665649414,258.4283905029297,-0.3269999921321869,-12.750000500679016,-0.21168275020886865,0.13282054393494036,0.016602567991867545,-1.305000776052475,-0.2706669280746807,17243,True,Midline_40_4.csv,5.0
646,P01,40,0.15,4,978.5778820783606,10.783090205112783,-2,-47.42305374145508,55.0275764465332,258.21514892578125,-0.3269999921321869,-12.750000500679016,-0.2132452969628392,0.13380096538912767,0.01672512067364096,-1.305000776052475,-0.27276924831718696,17270,True,Midline_40_4.csv,5.0
647,P01,40,0.15,4,978.5945691654433,10.799774575510465,-2,-47.55370712280274,55.00031661987305,258.00301361083984,-0.3269999921321869,-12.714999908208847,-0.2121302538580678,0.13346771868782525,0.016683464835978157,-1.2700001835823065,-0.2749147985572963,17296,True,Midline_40_4.csv,5.0
648,P01,40,0.15,4,978.6112474987633,10.816447475460107,-2,-47.68395614624024,54.97263717651367,257.7919464111328,-0.3269999921321869,-12.680000358819964,-0.21105641914589274,0.13315862029867276,0.0166448275373341,-1.2350006341934223,-0.2770929235262488,17323,True,Midline_40_4.csv,5.0
649,P01,40,0.15,4,978.6278337666446,10.833039780419426,-2,-47.81391143798828,54.94452285766602,257.58236694335943,-0.3269999921321869,-12.61000021696091,-0.20957915588437467,0.1329606041417719,0.016620075517721492,-1.165000492334368,-0.27931192309249536,17350,True,Midline_40_4.csv,5.0
650,P01,40,0.15,4,978.6445084777176,10.849714793346267,-2,-47.94419479370117,54.91583633422852,257.3732528686524,-0.3269999921321869,-12.540000075101853,-0.20911223385222005,0.13340493307805446,0.01667561663475681,-1.0950003504753116,-0.28158453969060715,17377,True,Midline_40_4.csv,5.0
651,P01,40,0.15,4,978.6612502003557,10.866448969636851,-2,-48.074607849121094,54.88662338256836,257.16551971435547,-0.3269999921321869,-12.435000383853913,-0.2077329010309008,0.13364400136288168,0.01670550017036021,-0.9900006592273716,-0.28389903302448416,17404,True,Midline_40_4.csv,5.0
652,P01,40,0.15,4,978.677839486776,10.883046707966287,-2,-48.20429229736328,54.8570785522461,256.95993041992193,-0.3269999921321869,-12.365000241994858,-0.2055818862699934,0.13300890076607175,0.01662611259575897,-0.9200005173683169,-0.2862432380142456,17431,True,Midline_40_4.csv,5.0
653,P01,40,0.15,4,978.694534723914,10.899738624711404,-2,-48.334373474121094,54.82695007324219,256.75470733642584,-0.3269999921321869,-12.295000100135805,-0.20521227287765625,0.13352567463607554,0.016690709329509446,-0.8500003755092642,-0.2886284093827613,17458,True,Midline_40_4.csv,5.0
654,P01,40,0.15,4,978.7112308666133,10.916397941235688,-2,-48.46410751342773,54.79641342163086,256.5510406494141,-0.3269999921321869,-12.224999958276749,-0.20366752414215428,0.13327936185669387,0.01665992023208673,-0.7800002336502079,-0.29102912375296136,17484,True,Midline_40_4.csv,5.0
655,P01,40,0.15,4,978.7278660348261,10.93306601152301,-2,-48.59378051757813,54.765403747558594,256.3484649658203,-0.3269999921321869,-12.154999816417696,-0.20257837707772494,0.1333300733112992,0.0166662591639124,-0.7100000917911551,-0.2934585826451319,17511,True,Midline_40_4.csv,5.0
656,P01,40,0.15,4,978.7444764510193,10.949682162940118,-2,-48.72296905517578,54.73402786254883,256.1482162475586,-0.3269999921321869,-12.050000125169756,-0.20025008803291247,0.13294611515539145,0.01661826439442393,-0.605000400543215,-0.2959057074529357,17538,True,Midline_40_4.csv,5.0
657,P01,40,0.15,4,978.7612749221896,10.966482143380064,-2,-48.8533821105957,54.70186996459961,255.9464874267578,-0.3269999921321869,-12.014999532699585,-0.20173207357845616,0.13432015409034648,0.01679001926129331,-0.5699998080730442,-0.2983992485615093,17565,True,Midline_40_4.csv,5.0
658,P01,40,0.15,4,978.7779206552884,10.98312636720948,-2,-48.98263168334961,54.669517517089844,255.74755096435547,-0.3269999921321869,-11.945000433921814,-0.19893785279293724,0.1332358948957335,0.016654486861966692,-0.5000007092952732,-0.30089137908820884,17592,True,Midline_40_4.csv,5.0
659,P01,40,0.15,4,978.7945051120466,10.999702070204648,-2,-49.11112594604492,54.636878967285156,255.55017852783203,-0.3269999921321869,-11.909999841451645,-0.19736988400540967,0.13257423115555864,0.01657177889444483,-0.4650001168251041,-0.3033937746179176,17619,True,Midline_40_4.csv,5.0
660,P01,40,0.15,4,978.8111837472203,11.016367423806855,-2,-49.24026489257813,54.60360336303711,255.35222625732425,-0.3269999921321869,-11.87500029206276,-0.19795484661977836,0.1333590512849696,0.0166698814106212,-0.4300005674362186,-0.3059206481556806,17645,True,Midline_40_4.csv,5.0
661,P01,40,0.15,4,978.8278424600368,11.033048473811617,-2,-49.36937713623047,54.56985855102539,255.1547164916992,-0.3269999921321869,-11.83999969959259,-0.19750362704528485,0.13344840003810532,0.01668105000476316,-0.3949999749660496,-0.3084546829432506,17672,True,Midline_40_4.csv,5.0
662,P01,40,0.15,4,978.8444996635836,11.04969994213468,-2,-49.49811935424805,54.53573608398438,254.95818328857425,-0.3269999921321869,-11.805000150203705,-0.1965349522012852,0.13318759827234314,0.016648449784042896,-0.36000042557716405,-0.3109954516329255,17699,True,Midline_40_4.csv,5.0
663,P01,40,0.15,4,978.8612208601567,11.06638612365566,-2,-49.62704849243164,54.5010871887207,254.7617645263672,-0.3269999921321869,-11.769999557733536,-0.19641766604529928,0.13350394115605013,0.01668799264450627,-0.324999833106995,-0.3135573152683849,17726,True,Midline_40_4.csv,5.0
664,P01,40,0.15,4,978.8778355023044,11.083039403102019,-2,-49.75559616088867,54.46606826782226,254.56574249267575,-0.3269999921321869,-11.769999557733536,-0.1960161973590438,0.13323106523330353,0.01665388315416294,-0.324999833106995,-0.3161234022468769,17753,True,Midline_40_4.csv,5.0
665,P01,40,0.15,4,978.8945419080367,11.099748827373103,-2,-49.88445281982422,54.43049240112305,254.3690643310547,-0.3269999921321869,-11.769999557733536,-0.1966734690996009,0.13367780899898207,0.01670972612487276,-0.324999833106995,-0.3187055250638829,17780,True,Midline_40_4.csv,5.0
666,P01,40,0.15,4,978.911378110944,11.116365884351922,-2,-50.01247787475586,54.39467239379883,254.1734771728516,-0.3269999921321869,-11.769999557733536,-0.19558985893208555,0.13294128549296147,0.016617660686620184,-0.324999833106995,-0.3212862291177149,17807,True,Midline_40_4.csv,5.0
667,P01,40,0.15,4,978.927834883504,11.133039388009362,-2,-50.14079666137695,54.35829544067383,253.9778289794922,-0.3269999921321869,-11.73500000834465,-0.1956458542815312,0.13337595510347455,0.01667199438793432,-0.2900002837181095,-0.32388509328646703,17834,True,Midline_40_4.csv,5.0
668,P01,40,0.15,4,978.9445524578302,11.149756660481673,-2,-50.2692756652832,54.3213996887207,253.7823257446289,-0.3269999921321869,-11.700000458955765,-0.19549673994978564,0.13367297933746158,0.016709122417182698,-0.255000734329224,-0.3264940621072704,17861,True,Midline_40_4.csv,5.0
669,P01,40,0.15,4,978.9611305756564,11.166332665330627,-2,-50.39667129516602,54.28434371948242,253.5882873535156,-0.3269999921321869,-11.700000458955765,-0.1940381516812572,0.13267565406476933,0.01658445675809617,-0.255000734329224,-0.329085082666488,17887,True,Midline_40_4.csv,5.0
670,P01,40,0.15,4,978.9777986459436,11.18300586713417,-2,-50.52462768554688,54.24665451049805,253.39378356933597,-0.3269999921321869,-11.664999866485596,-0.19450346018937786,0.1333928589219795,0.016674107365247437,-0.22000014185905487,-0.3316969838870968,17914,True,Midline_40_4.csv,5.0
671,P01,40,0.15,4,978.9945023349907,11.199710159889037,-2,-50.652687072753906,54.20846176147461,253.1995086669922,-0.3269999921321869,-11.63000031709671,-0.19426741947367585,0.13363192720680672,0.01670399090085084,-0.18500059247016945,-0.3343191181686011,17941,True,Midline_40_4.csv,5.0
672,P01,40,0.15,4,979.0112525095378,11.216422300845123,-2,-50.780677795410156,54.16981887817383,253.00631713867188,-0.3269999921321869,-11.560000175237652,-0.1931923523809708,0.133697127648702,0.01671214095608775,-0.11500045061111308,-0.3369433639691705,17968,True,Midline_40_4.csv,5.0
673,P01,40,0.15,4,979.0278674535393,11.233075278437582,-2,-50.90808868408203,54.1308822631836,252.8149642944336,-0.3269999921321869,-11.490000033378598,-0.19134618139453027,0.13322623557087354,0.01665327944635919,-0.045000308752058515,-0.3395590516601333,17995,True,Midline_40_4.csv,5.0
674,P01,40,0.15,4,979.0445358256807,11.2497424431632,-2,-51.03546905517578,54.09148788452149,252.62521362304688,-0.3269999921321869,-11.385000342130661,-0.1897522394967332,0.1333349029737292,0.016666862871716148,0.05999938249587977,-0.3421765408622789,18022,True,Midline_40_4.csv,5.0
675,P01,40,0.15,4,979.0611320547406,11.26633686109983,-2,-51.16216659545898,54.05184555053711,252.43802642822263,-0.3269999921321869,-11.279999607801434,-0.1871816229049919,0.13275292866183008,0.01659411608272876,0.16500011682510518,-0.3447795234972347,18049,True,Midline_40_4.csv,5.0
676,P01,40,0.15,4,979.0777928805344,11.283000101724836,-2,-51.28926086425781,54.011619567871094,252.251220703125,-0.3269999921321869,-11.210000509023669,-0.18679831967070987,0.13330833983127374,0.016663542478909218,0.2349992156028744,-0.34738391983142675,18076,True,Midline_40_4.csv,5.0
677,P01,40,0.15,4,979.0944621582373,11.299669077573752,-2,-51.4162712097168,53.97096633911133,252.0655212402344,-0.3269999921321869,-11.140000367164614,-0.18569912238233305,0.13335663645375462,0.016669579556719327,0.3049993574619272,-0.34996779843878184,18102,True,Midline_40_4.csv,5.0
678,P01,40,0.15,4,979.1111942215505,11.316376690721428,-2,-51.54342269897461,53.92981338500977,251.8805923461914,-0.3269999921321869,-11.070000225305558,-0.18492989065098808,0.13364400136379118,0.016705500170473897,0.3749994993209835,-0.35254153600955584,18129,True,Midline_40_4.csv,5.0
679,P01,40,0.15,4,979.1278776863865,11.333083700161295,-2,-51.67046356201172,53.88824081420898,251.6962127685547,-0.3269999921321869,-11.034999632835385,-0.18438182877966167,0.1336705645053371,0.016708820563167137,0.4100000917911544,-0.3550987938678729,18156,True,Midline_40_4.csv,5.0
680,P01,40,0.15,4,979.1445288528557,11.349736375899852,-2,-51.79694366455078,53.84640121459961,251.512451171875,-0.3269999921321869,-11.034999632835385,-0.18376227066194065,0.13322140590935305,0.01665267573866913,0.4100000917911544,-0.3576257778680022,18183,True,Midline_40_4.csv,5.0
681,P01,40,0.15,4,979.1611335338248,11.366338642037814,-2,-51.92290878295898,53.804283142089844,251.3292465209961,-0.3269999921321869,-11.034999632835385,-0.18320600073543206,0.13281812910281587,0.016602266137851984,0.4100000917911544,-0.3601264263657555,18210,True,Midline_40_4.csv,5.0
682,P01,40,0.15,4,979.1778426562418,11.383050179286098,-2,-52.04956817626953,53.76148223876953,251.1448211669922,-0.3269999921321869,-11.034999632835385,-0.18441513835787976,0.1336947128183965,0.016711839102299564,0.4100000917911544,-0.36262327016654383,18237,True,Midline_40_4.csv,5.0
683,P01,40,0.15,4,979.1944805411397,11.399678404859172,-2,-52.1754150390625,53.718505859375,250.96138763427732,-0.3269999921321869,-11.034999632835385,-0.18343250585502016,0.13298233762270684,0.016622792202838355,0.4100000917911544,-0.3650868831786427,18264,True,Midline_40_4.csv,5.0
684,P01,40,0.15,4,979.211075562784,11.41628097285093,-2,-52.301002502441406,53.67516708374024,250.7781219482422,-0.3269999921321869,-11.034999632835385,-0.1832592960585736,0.13285676640225574,0.016607095800281968,0.4100000917911544,-0.3675318289380615,18291,True,Midline_40_4.csv,5.0
685,P01,40,0.15,4,979.2277074106037,11.432914028086314,-2,-52.4266471862793,53.6313591003418,250.59457397460938,-0.3269999921321869,-11.034999632835385,-0.18354242745649066,0.13306202705098258,0.016632753381372822,0.4100000917911544,-0.3699596891006133,18317,True,Midline_40_4.csv,5.0
686,P01,40,0.15,4,979.2444775075078,11.449682012013225,-2,-52.55317306518555,53.58678817749024,250.40953063964844,-0.3269999921321869,-11.034999632835385,-0.18503802743455167,0.13414628624650504,0.01676828578081313,0.4100000917911544,-0.3723793853114728,18345,True,Midline_40_4.csv,5.0
687,P01,40,0.15,4,979.2612608859836,11.466456636725752,-2,-52.6794548034668,53.54184341430664,250.22462463378903,-0.3269999921321869,-11.034999632835385,-0.18489479625611774,0.13404244850607938,0.016755306063259926,0.4100000917911544,-0.3747780126468385,18372,True,Midline_40_4.csv,5.0
688,P01,40,0.15,4,979.2777804441538,11.482985854220944,-2,-52.80403518676758,53.49705123901367,250.0420150756836,-0.3269999921321869,-11.034999632835385,-0.18260975932033086,0.13238587432442728,0.01654823429055341,0.4100000917911544,-0.37712974009373,18398,True,Midline_40_4.csv,5.0
689,P01,40,0.15,4,979.2945176389833,11.499723652758119,-2,-52.92990112304688,53.45134353637695,249.85730743408203,-0.3269999921321869,-11.034999632835385,-0.18470826262888584,0.13390721796076832,0.01673840224509604,0.4100000917911544,-0.3794864350046294,18425,True,Midline_40_4.csv,5.0
690,P01,40,0.15,4,979.3114190423323,11.516415569503238,-2,-53.05526733398438,53.40536117553711,249.6731109619141,-0.3269999921321869,-11.034999632835385,-0.18419529515242974,0.13353533396002604,0.016691916745003255,0.4100000917911544,-0.38181289668044827,18452,True,Midline_40_4.csv,5.0
691,P01,40,0.15,4,979.327743301032,11.532950522222336,-2,-53.1793098449707,53.35940933227539,249.49063873291016,-0.3269999921321869,-11.034999632835385,-0.18246319718420054,0.13227962175278662,0.016534952719098328,0.4100000917911544,-0.384098299921931,18479,True,Midline_40_4.csv,5.0
692,P01,40,0.15,4,979.3445526389426,11.549757445301793,-2,-53.30523300170898,53.31230545043945,249.30519104003903,-0.3269999921321869,-11.034999632835385,-0.18545106618137186,0.13444572531170704,0.016805715663963383,0.4100000917911544,-0.3864004789013565,18506,True,Midline_40_4.csv,5.0
693,P01,40,0.15,4,979.3610878935157,11.566294510998206,-2,-53.42900085449219,53.26554870605469,249.1226806640625,-0.3269999921321869,-11.034999632835385,-0.18249983771760586,0.13230618489524204,0.016538273111905255,0.4100000917911544,-0.3886485478143244,18533,True,Midline_40_4.csv,5.0
694,P01,40,0.15,4,979.3778102975043,11.583015707571235,-2,-53.55388641357422,53.21791458129883,248.9377212524414,-0.32600000500679016,-11.070000225305558,-0.18495328130906186,0.13366090518138662,0.016707613147673328,0.33999994993209803,-0.3908977887637445,18560,True,Midline_40_4.csv,5.0
695,P01,40,0.15,4,979.394471123298,11.599675325949422,-2,-53.67827606201172,53.17000961303711,248.75269317626956,-0.32499998807907104,-11.104999774694443,-0.18503187503633667,0.1332962656751988,0.01666203320939985,0.2699998080730435,-0.3931221996525877,18587,True,Midline_40_4.csv,5.0
696,P01,40,0.15,4,979.4111352694846,11.616340981405527,-2,-53.80261611938477,53.12166213989258,248.5675048828125,-0.32499998807907104,-11.104999774694443,-0.18518942314562736,0.13340976273957494,0.016676220342446868,0.2699998080730435,-0.3953301826048536,18614,True,Midline_40_4.csv,5.0
697,P01,40,0.15,4,979.4277930767394,11.632997883098595,-2,-53.92657089233398,53.07300186157226,248.38206481933597,-0.3240000009536743,-11.140000367164614,-0.1854301101824489,0.13316344996110274,0.016645431245137843,0.19999966621398715,-0.3975183389999145,18641,True,Midline_40_4.csv,5.0
698,P01,40,0.15,4,979.4445254419064,11.649710627762602,-2,-54.05081558227539,53.02376556396485,248.19537353515625,-0.3230000138282776,-11.174999916553494,-0.186687336227088,0.13364641619409667,0.016705802024262084,0.13000056743621968,-0.3996927314176832,18668,True,Midline_40_4.csv,5.0
699,P01,40,0.15,4,979.4611400840544,11.666339457043364,-2,-54.17438507080078,52.97433090209961,248.00946044921875,-0.3219999969005585,-11.174999916553494,-0.1859114962568352,0.13309100502556248,0.01663637562819531,0.09499997496605063,-0.40184590120278296,18695,True,Midline_40_4.csv,5.0
700,P01,40,0.15,4,979.4778051358027,11.683006923622886,-2,-54.29803085327149,52.924400329589844,247.8226089477539,-0.3210000097751617,-11.210000509023669,-0.186852460187734,0.13334697712980415,0.016668372141225518,0.024999833106994274,-0.4039839224683043,18721,True,Midline_40_4.csv,5.0
701,P01,40,0.15,4,979.494634999778,11.699838900575626,-2,-54.42272186279297,52.873573303222656,247.63333892822263,-0.3199999928474426,-11.245000058412552,-0.18927218747094254,0.1346534007916489,0.016831675098956108,-0.045000308752060285,-0.4061235202658775,18749,True,Midline_40_4.csv,5.0
702,P01,40,0.15,4,979.511109883572,11.716315595492802,-2,-54.54462051391602,52.82341384887695,247.44747924804688,-0.3190000057220459,-11.279999607801434,-0.18586051711547594,0.13181597416860313,0.01647699677107539,-0.11499940752982953,-0.40821329791047184,18775,True,Midline_40_4.csv,5.0
703,P01,40,0.15,4,979.5277510888623,11.732954687806116,-2,-54.66763305664063,52.7723274230957,247.2590789794922,-0.3190000057220459,-11.315000200271607,-0.1883942900241716,0.13319967242750866,0.016649959053438582,-0.15000000000000036,-0.4103117578091266,18802,True,Midline_40_4.csv,5.0
704,P01,40,0.15,4,979.5444952263316,11.749699127129135,-2,-54.79117202758789,52.72054672241211,247.06903839111328,-0.3190000057220459,-11.349999749660492,-0.190042530041059,0.13395068492172868,0.016743835615216085,-0.18499954938888585,-0.4124118159061377,18829,True,Midline_40_4.csv,5.0
705,P01,40,0.15,4,979.5611086610637,11.766312863715145,-2,-54.91357803344727,52.66876220703125,246.87931060791016,-0.3190000057220459,-11.419999891519547,-0.1897288700099629,0.13290989268807607,0.01661373658600951,-0.2549996912479404,-0.4144863666624297,18856,True,Midline_40_4.csv,5.0
706,P01,40,0.15,4,979.5778524966788,11.783057303038051,-2,-55.03677749633789,52.61616134643555,246.6875,-0.3190000057220459,-11.455000483989716,-0.19181101828592068,0.13395792941537366,0.01674474117692171,-0.2900002837181095,-0.4165709779742453,18883,True,Midline_40_4.csv,5.0
707,P01,40,0.15,4,979.5944384627063,11.799643872773457,-2,-55.15863800048828,52.56364822387695,246.49691772460938,-0.3190000057220459,-11.490000033378598,-0.19057968681218287,0.13269255788236478,0.016586569735295598,-0.3249998331069932,-0.4186322014518082,18910,True,Midline_40_4.csv,5.0
708,P01,40,0.15,4,979.611218822643,11.81638559541136,-2,-55.28145217895508,52.51023864746094,246.30455780029297,-0.3190000057220459,-11.490000033378598,-0.19235198876429246,0.13392653660957876,0.016740817076197345,-0.3249998331069932,-0.4207088086578775,18937,True,Midline_40_4.csv,5.0
709,P01,40,0.15,4,979.6278008645697,11.833006878344806,-2,-55.40321731567383,52.4567985534668,246.1135711669922,-0.3190000057220459,-11.490000033378598,-0.1909889463640793,0.13297750796118635,0.01662218849514829,-0.3249998331069932,-0.42276841365403794,18964,True,Midline_40_4.csv,5.0
710,P01,40,0.15,4,979.6444559551396,11.849663176330068,-2,-55.52505874633789,52.40283966064453,245.92217254638672,-0.3190000057220459,-11.490000033378598,-0.1913878010093353,0.13325521354454395,0.016656901693067994,-0.3249998331069932,-0.4248290472972036,18991,True,Midline_40_4.csv,5.0
711,P01,40,0.15,4,979.661135495875,11.866340905942025,-2,-55.64686584472656,52.34840774536133,245.73055267333984,-0.3190000057220459,-11.490000033378598,-0.1916201771953712,0.13341700723321992,0.01667712590415249,-0.3249998331069932,-0.426889075417402,19018,True,Midline_40_4.csv,5.0
712,P01,40,0.15,4,979.6777419879677,11.88294860545011,-2,-55.76798629760742,52.29379653930664,245.53972625732425,-0.3190000057220459,-11.490000033378598,-0.19082246790224666,0.13286159606468573,0.016607699508085716,-0.3249998331069932,-0.4289390005555694,19045,True,Midline_40_4.csv,5.0
713,P01,40,0.15,4,979.6944948791996,11.899702100389959,-2,-55.88998413085938,52.23830032348633,245.34781646728518,-0.3190000057220459,-11.455000483989716,-0.1919078349091961,0.13402554468848393,0.01675319308606049,-0.2900002837181095,-0.4309980085922973,19072,True,Midline_40_4.csv,5.0
714,P01,40,0.15,4,979.7110892971359,11.916295914618786,-2,-56.01063537597656,52.18292999267578,245.158317565918,-0.3190000057220459,-11.419999891519547,-0.18950135669309856,0.1327505138306151,0.016593814228826886,-0.2549996912479404,-0.43303682685446093,19099,True,Midline_40_4.csv,5.0
715,P01,40,0.15,4,979.7277564618618,11.932962777490502,-2,-56.13163757324219,52.12691116333008,244.9685516357422,-0.3190000057220459,-11.385000342130661,-0.1897591127102854,0.13333973263615914,0.016667466579519896,-0.22000014185905487,-0.4350777234541458,19126,True,Midline_40_4.csv,5.0
716,P01,40,0.15,4,979.7445196161264,11.949723818777786,-2,-56.25312423706055,52.0701789855957,244.7789001464844,-0.3190000057220459,-11.315000200271607,-0.18964093909147425,0.13408108580460976,0.01676013572557622,-0.15000000000000036,-0.4371176019129337,19153,True,Midline_40_4.csv,5.0
717,P01,40,0.15,4,979.7610750949104,11.966275977168946,-2,-56.37291717529297,52.013755798339844,244.5921936035156,-0.3190000057220459,-11.279999607801434,-0.18670493524870335,0.13241485229809768,0.01655185653726221,-0.11499940752982953,-0.4391289627311261,19179,True,Midline_40_4.csv,5.0
718,P01,40,0.15,4,979.7777751617108,11.98297996806991,-2,-56.493629455566406,51.95641708374024,244.4037628173828,-0.3190000057220459,-11.279999607801434,-0.18842782063410574,0.1336367568692367,0.016704594608654588,-0.11499940752982953,-0.4411426802698278,19206,True,Midline_40_4.csv,5.0
719,P01,40,0.15,4,979.7944399116052,11.9996401901559,-2,-56.61380386352539,51.89884948730469,244.21704864501956,-0.3190000057220459,-11.210000509023669,-0.1867171088945365,0.13325038388302346,0.016656297985377932,-0.045000308752060285,-0.44313660442016695,19233,True,Midline_40_4.csv,5.0
720,P01,40,0.15,4,979.8111402802592,12.01634176622565,-2,-56.73413848876953,51.840721130371094,244.0303649902344,-0.3190000057220459,-11.174999916553494,-0.18667384335777498,0.1336367568692367,0.016704594608654588,-0.009999716281889448,-0.4451241390101957,19260,True,Midline_40_4.csv,5.0
721,P01,40,0.15,4,979.8277654872933,12.03296757696751,-2,-56.853721618652344,51.78247451782226,243.8451461791992,-0.3190000057220459,-11.140000367164614,-0.18522162572643053,0.13301373042850173,0.016626716303562716,0.024999833106992497,-0.4470845213984368,19287,True,Midline_40_4.csv,5.0
722,P01,40,0.15,4,979.8444909098207,12.049690886517734,-2,-56.97379684448242,51.72350692749024,243.6594467163086,-0.3190000057220459,-11.104999774694443,-0.18569558835114736,0.13377440224667225,0.01672180028083403,0.060000425577163334,-0.4490411833767096,19314,True,Midline_40_4.csv,5.0
723,P01,40,0.15,4,979.8611399633127,12.066341147425193,-2,-57.09309005737305,51.66444396972656,243.4746627807617,-0.3179999887943268,-11.104999774694443,-0.18477711638918928,0.1331127385055879,0.01663909231319849,0.024999833106994274,-0.4509666564440336,19341,True,Midline_40_4.csv,5.0
724,P01,40,0.15,4,979.8777781500644,12.082982654569605,-2,-57.21222305297852,51.60498046875,243.28982543945312,-0.31700000166893005,-11.104999774694443,-0.18482739770187376,0.1331489609738128,0.0166436201217266,-0.009999716281891223,-0.4528749868683841,19368,True,Midline_40_4.csv,5.0
725,P01,40,0.15,4,979.8945292301727,12.099737055071161,-2,-57.33202743530274,51.54469680786133,243.1036529541016,-0.31700000166893005,-11.104999774694443,-0.18617158476779425,0.13411730827192514,0.01676466353399064,-0.009999716281891223,-0.4547815422891579,19395,True,Midline_40_4.csv,5.0
726,P01,40,0.15,4,979.9110865200804,12.116293137562936,-2,-57.4500846862793,51.48481369018555,242.9198989868164,-0.3160000145435333,-11.104999774694443,-0.18375472971813728,0.1323762149995673,0.016547026874945914,-0.044999265670776716,-0.4566390980609546,19422,True,Midline_40_4.csv,5.0
727,P01,40,0.15,4,979.9278004721597,12.133000448856821,-2,-57.56906127929688,51.42398071289063,242.73441314697263,-0.3140000104904175,-11.104999774694443,-0.1854911110166845,0.13362709754528626,0.016703387193160783,-0.11499940752983127,-0.4584998798856455,19449,True,Midline_40_4.csv,5.0
728,P01,40,0.15,4,979.9444908796353,12.149694478579136,-2,-57.68778991699219,51.36278915405274,242.5489959716797,-0.31200000643730164,-11.104999774694443,-0.18541066091765174,0.13356914159703592,0.01669614269962949,-0.18499954938888585,-0.4603406972049027,19476,True,Midline_40_4.csv,5.0
729,P01,40,0.15,4,979.9611275571176,12.166330552353427,-2,-57.8058967590332,51.30143737792969,242.3642578125,-0.3089999854564667,-11.104999774694443,-0.18474694760284105,0.13309100502556248,0.01663637562819531,-0.2900002837181095,-0.4621524356698196,19503,True,Midline_40_4.csv,5.0
730,P01,40,0.15,4,979.9778816557653,12.183087367686086,-2,-57.92383575439453,51.23968887329102,242.1817855834961,-0.3050000071525574,-10.965000534057618,-0.1824642052414317,0.13312481266166287,0.01664060158270786,-0.2900002837181095,-0.4639462804669036,19530,True,Midline_40_4.csv,5.0
731,P01,40,0.15,4,979.9946116061012,12.199865312791646,-2,-58.04335021972656,51.17662811279297,242.0001220703125,-0.29899999499320984,-10.755000108480454,-0.1816642159361915,0.13512912253190734,0.016891140316488418,-0.2900002837181095,-0.4657456515442424,19557,False,Midline_40_4.csv,5.0
732,P01,40,0.15,4,980.0111052048366,12.216361326358086,-2,-58.159889221191406,51.114662170410156,241.82557678222656,-0.2939999997615814,-10.580000275373461,-0.17455337699160822,0.13198742718213907,0.016498428397767384,-0.2900002837181095,-0.4674686147809637,19584,False,Midline_40_4.csv,5.0
733,P01,40,0.15,4,980.0277068672667,12.232964498057756,-2,-58.2769889831543,51.05194091796875,241.654541015625,-0.28600001335144043,-10.300000751018523,-0.17102822645181284,0.1328374477525358,0.016604680969066976,-0.2900002837181095,-0.46916535217434296,19611,False,Midline_40_4.csv,5.0
734,P01,40,0.15,4,980.0444135748528,12.249668790812507,-2,-58.39458847045898,50.98849868774414,241.48776245117188,-0.2770000100135803,-9.98500063419342,-0.16677730369408536,0.13362226788285625,0.01670278348535703,-0.2900002837181095,-0.4708219234074628,19638,False,Midline_40_4.csv,5.0
735,P01,40,0.15,4,980.0610605153673,12.266317240596551,-2,-58.51162338256836,50.92491912841797,241.3267593383789,-0.2680000066757202,-9.670000517368317,-0.16099343695246254,0.13319001310355816,0.01664875163794477,-0.2900002837181095,-0.47241246564524303,19665,False,Midline_40_4.csv,5.0
736,P01,40,0.15,4,980.0777017206576,12.282958144033273,-2,-58.62842178344727,50.861045837402344,241.17224884033203,-0.25699999928474426,-9.28500025868416,-0.1545051872865455,0.13312239783044788,0.016640299728805985,-0.2900002837181095,-0.4739249434967325,19692,False,Midline_40_4.csv,5.0
737,P01,40,0.15,4,980.0943501704418,12.299606895671218,-2,-58.74510955810547,50.79682159423828,241.0234832763672,-0.24699999392032626,-8.935000070929528,-0.14875929413055927,0.13319242793477315,0.016649053491846644,-0.2900002837181095,-0.4753506464010534,19719,False,Midline_40_4.csv,5.0
738,P01,40,0.15,4,980.1110339371317,12.316292473484394,-2,-58.86189651489258,50.73214721679688,240.88021850585938,-0.2370000034570694,-8.585000404715537,-0.14326124077426072,0.13349911149271065,0.01668738893658883,-0.2900002837181095,-0.4766755143582746,19746,False,Midline_40_4.csv,5.0
739,P01,40,0.15,4,980.12774547438,12.333005218148287,-2,-58.97868347167969,50.6670913696289,240.7426071166992,-0.22699999809265134,-8.235000216960907,-0.13760956979851555,0.13368263866232155,0.016710329832790194,-0.2900002837181095,-0.4778840441858749,19773,False,Midline_40_4.csv,5.0
740,P01,40,0.15,4,980.1443661536057,12.34962257698112,-2,-59.09467315673828,50.60211563110352,240.6103973388672,-0.2189999967813492,-7.955000171065331,-0.13220309859613336,0.13295094481782144,0.01661886810222768,-0.2900002837181095,-0.4789559223267258,19800,False,Midline_40_4.csv,5.0
741,P01,40,0.15,4,980.1611229689385,12.366380901583286,-2,-59.21148300170898,50.53632354736328,240.48236846923828,-0.20999999344348907,-7.640000054240228,-0.12803129470568905,0.1340641819861048,0.0167580227482631,-0.2900002837181095,-0.4798947152303706,19827,False,Midline_40_4.csv,5.0
742,P01,40,0.15,4,980.1777222165373,12.382979243620525,-2,-59.3270378112793,50.47089767456055,240.3590316772461,-0.20399999618530276,-7.430000150203705,-0.12333016937890792,0.13279156596036046,0.016598945745045057,-0.2900002837181095,-0.4806735926812322,19854,False,Midline_40_4.csv,5.0
743,P01,40,0.15,4,980.1944183592368,12.399675084466253,-2,-59.443092346191406,50.40486145019531,240.238525390625,-0.1979999989271164,-7.220000246167183,-0.12050910485300892,0.13352808946729056,0.01669101118341132,-0.2900002837181095,-0.4812914772074427,19881,False,Midline_40_4.csv,5.0
744,P01,40,0.15,4,980.2111006166573,12.416360058571739,-2,-59.55899429321289,50.338584899902344,240.12094116210938,-0.193000003695488,-7.045000413060189,-0.11757542131634464,0.1335136004800006,0.016689200060000076,-0.2900002837181095,-0.4817425983507239,19908,False,Midline_40_4.csv,5.0
745,P01,40,0.15,4,980.2276566991493,12.43291704662522,-2,-59.67376327514648,50.27264404296875,240.0061187744141,-0.1899999976158142,-6.940000200271608,-0.114825895496116,0.13236414084440185,0.01654551760555023,-0.2900002837181095,-0.482017091282332,19935,False,Midline_40_4.csv,5.0
746,P01,40,0.15,4,980.244407477404,12.449665108195065,-2,-59.78989028930664,50.20561599731445,239.89038848876956,-0.1889999955892563,-6.90500012934208,-0.11573082365412607,0.13408350063582475,0.016760437579478094,-0.2900002837181095,-0.4821065362040482,19962,False,Midline_40_4.csv,5.0
747,P01,40,0.15,4,980.2610855088698,12.466344045222511,-2,-59.90532302856445,50.13867568969727,239.77637481689453,-0.18700000643730166,-6.835000509023668,-0.11400466941574068,0.13343632588203036,0.0166795407352538,-0.2900002837181095,-0.4820161479166987,19989,False,Midline_40_4.csv,5.0
748,P01,40,0.15,4,980.2778145536439,12.48306795848066,-2,-60.0208625793457,50.07136535644531,239.6627197265625,-0.1860000044107437,-6.80000043809414,-0.1136569340695426,0.13371403146720695,0.01671425393340087,-0.2900002837181095,-0.4817399794228982,20016,False,Midline_40_4.csv,5.0
749,P01,40,0.15,4,980.2944053493339,12.499658754170468,-2,-60.135498046875,50.00427627563477,239.54981994628903,-0.1860000044107437,-6.80000043809414,-0.112901574831517,0.13282537359737034,0.01660317169967129,-0.2900002837181095,-0.4812822527829838,20043,False,Midline_40_4.csv,5.0
750,P01,40,0.15,4,980.3110088228876,12.516266151824652,-2,-60.25006103515625,49.936927795410156,239.43685913085938,-0.1860000044107437,-6.80000043809414,-0.1129590478165904,0.13289298886957113,0.01661162360869639,-0.2900002837181095,-0.4806384969233779,20070,False,Midline_40_4.csv,5.0
751,P01,40,0.15,4,980.3276690449736,12.532928788741856,-2,-60.36485290527344,49.869140625,239.32353973388672,-0.1860000044107437,-6.80000043809414,-0.1133162013693399,0.13331316949279426,0.016664146186599282,-0.2900002837181095,-0.4798051673566839,20097,False,Midline_40_4.csv,5.0
752,P01,40,0.15,4,980.344403523118,12.549658437223911,-2,-60.47994995117188,49.800865173339844,239.20978546142575,-0.1860000044107437,-6.80000043809414,-0.1137513539745857,0.1338251137012776,0.0167281392126597,-0.2900002837181095,-0.4787805493473336,20124,False,Midline_40_4.csv,5.0
753,P01,40,0.15,4,980.361004883694,12.566259797800171,-2,-60.59403610229492,49.73288345336914,239.09689331054688,-0.1860000044107437,-6.80000043809414,-0.11288310137153215,0.13280364011643542,0.016600455014554427,-0.2900002837181095,-0.4775811226759562,20151,False,Midline_40_4.csv,5.0
754,P01,40,0.15,4,980.3777408711079,12.582999105606973,-2,-60.70886611938477,49.66415023803711,238.9837188720703,-0.1850000023841858,-6.765000367164612,-0.11316790995661152,0.13382752853158308,0.01672844106644789,-0.2900002837181095,-0.4761834591747404,20178,False,Midline_40_4.csv,5.0
755,P01,40,0.15,4,980.3944062247102,12.59966294993967,-2,-60.82321166992188,49.59540176391602,238.8708953857422,-0.1850000023841858,-6.765000367164612,-0.11282484694835608,0.1334218368956499,0.016677729611956238,-0.2900002837181095,-0.4746019324829575,20205,False,Midline_40_4.csv,5.0
756,P01,40,0.15,4,980.4109816258516,12.61623925664253,-2,-60.93673324584961,49.52684020996094,238.7587432861328,-0.1850000023841858,-6.765000367164612,-0.11214688909810412,0.132620112947734,0.016577514118466752,-0.2900002837181095,-0.4728502982514931,20232,False,Midline_40_4.csv,5.0
757,P01,40,0.15,4,980.4276955779311,12.632952605014225,-2,-61.051048278808594,49.457496643066406,238.64568328857425,-0.1850000023841858,-6.765000367164612,-0.1130617237875544,0.133701957311132,0.0167127446638915,-0.2900002837181095,-0.4708899835986109,20259,False,Midline_40_4.csv,5.0
758,P01,40,0.15,4,980.4443856835527,12.649641805074225,-2,-61.16506576538086,49.38802719116211,238.53277587890625,-0.1850000023841858,-6.765000367164612,-0.11290244453358418,0.1335136004800006,0.016689200060000076,-0.2900002837181095,-0.4687438857441443,20286,False,Midline_40_4.csv,5.0
759,P01,40,0.15,4,980.4610616020414,12.666312893900454,-2,-61.278770446777344,49.31843566894531,238.420036315918,-0.1850000023841858,-6.765000367164612,-0.11273091302984099,0.13331075466248876,0.016663844332811095,-0.2900002837181095,-0.4664189010719093,20313,False,Midline_40_4.csv,5.0
760,P01,40,0.15,4,980.4777861190073,12.683042240528723,-2,-61.39282608032226,49.24832534790039,238.30682373046875,-0.1850000023841858,-6.765000367164612,-0.1132128348744966,0.1338806548174034,0.016735081852175426,-0.2900002837181095,-0.4638893367409931,20340,False,Midline_40_4.csv,5.0
761,P01,40,0.15,4,980.494390799976,12.699647525205592,-2,-61.50586318969727,49.17853164672852,238.1944732666016,-0.1850000023841858,-6.765000367164612,-0.11234088306117436,0.13284952190861074,0.016606190238576346,-0.2900002837181095,-0.4611979985929802,20367,False,Midline_40_4.csv,5.0
762,P01,40,0.15,4,980.5110775852049,12.71633461228828,-2,-61.61931991577149,49.10816955566406,238.0815734863281,-0.1850000023841858,-6.765000367164612,-0.11289223432556825,0.13350152632483514,0.01668769079060439,-0.2900002837181095,-0.458305053783438,20394,False,Midline_40_4.csv,5.0
763,P01,40,0.15,4,980.5277136589792,12.732972497185983,-2,-61.7322998046875,49.03779602050781,237.9690093994141,-0.1850000023841858,-6.765000367164612,-0.11255529744104564,0.13310307918072795,0.01663788489759099,-0.2900002837181095,-0.4552349377808767,20421,False,Midline_40_4.csv,5.0
764,P01,40,0.15,4,980.5443762958963,12.749635134103189,-2,-61.8452262878418,48.96714782714844,237.85519409179688,-0.18700000643730166,-6.835000509023668,-0.11380866812097183,0.1332069169220631,0.016650864615257888,-0.2900002837181095,-0.4519754414779263,20448,False,Midline_40_4.csv,5.0
765,P01,40,0.15,4,980.5610600625864,12.766317693377461,-2,-61.958229064941406,48.89613723754883,237.73999786376956,-0.1889999955892563,-6.90500012934208,-0.11519307394660876,0.13346047419418028,0.01668255927427254,-0.2900002837181095,-0.4485254992560026,20475,False,Midline_40_4.csv,5.0
766,P01,40,0.15,4,980.5777353773673,12.782991800742593,-2,-62.0710334777832,48.82493591308594,237.624267578125,-0.1899999976158142,-6.940000200271608,-0.11572040332030695,0.1333952737531945,0.01667440921914931,-0.2900002837181095,-0.4448936210852419,20501,False,Midline_40_4.csv,5.0
767,P01,40,0.15,4,980.5944481220309,12.799705752822092,-2,-62.18396759033203,48.753334045410156,237.50650024414062,-0.193000003695488,-7.045000413060189,-0.11775617898572785,0.13371886112872744,0.01671485764109093,-0.2900002837181095,-0.44107219474072334,20529,False,Midline_40_4.csv,5.0
768,P01,40,0.15,4,980.6110790642892,12.81633850620358,-2,-62.29620361328125,48.68185043334961,237.3869857788086,-0.19699999690055847,-7.185000175237657,-0.119510673601341,0.13306685671432206,0.016633357089290257,-0.2900002837181095,-0.4370921100445025,20555,False,Midline_40_4.csv,5.0
769,P01,40,0.15,4,980.6277691699107,12.833026800701873,-2,-62.40864181518555,48.60990905761719,237.26417541503903,-0.20200000703334808,-7.360000529885293,-0.12280586154726605,0.1334846225063302,0.016685577813291275,-0.2900002837181095,-0.4329294448101516,20582,False,Midline_40_4.csv,5.0
770,P01,40,0.15,4,980.6443838120584,12.849623029761915,-2,-62.5202751159668,48.53814315795898,237.1391830444336,-0.2070000022649765,-7.535000362992287,-0.12499573026107055,0.13270946170086972,0.016588682712608716,-0.2900002837181095,-0.428628221813596,20609,False,Midline_40_4.csv,5.0
771,P01,40,0.15,4,980.6610564101543,12.866314342799226,-2,-62.63250350952149,48.46564865112305,237.0104217529297,-0.21199999749660486,-7.7100001960992826,-0.1287645001856507,0.1336077788955663,0.016700972361945787,-0.2900002837181095,-0.42414276999091216,20636,False,Midline_40_4.csv,5.0
772,P01,40,0.15,4,980.6777739844804,12.88303252083324,-2,-62.74468994140625,48.392822265625,236.87741088867188,-0.2189999967813492,-7.955000171065331,-0.1330003128639856,0.13375266876573733,0.016719083595717166,-0.2900002837181095,-0.41950284487309736,20663,False,Midline_40_4.csv,5.0
773,P01,40,0.15,4,980.6944100582547,12.899649577812054,-2,-62.85602188110352,48.32018280029297,236.74114990234372,-0.22599999606609344,-8.20000014603138,-0.13625491924882766,0.1329316261681015,0.016616453271012688,-0.2900002837181095,-0.4147509146886184,20690,False,Midline_40_4.csv,5.0
774,P01,40,0.15,4,980.711002665068,12.91626089956685,-2,-62.96714401245117,48.2473030090332,236.60086822509768,-0.2329999953508377,-8.44500012099743,-0.14028261422916696,0.13289057403835616,0.016611321754794517,-0.2900002837181095,-0.4098720977936211,20717,False,Midline_40_4.csv,5.0
775,P01,40,0.15,4,980.7277676304559,12.933024959393153,-2,-63.07908630371094,48.17349243164063,236.4552230834961,-0.239999994635582,-8.690000095963478,-0.14564820417405452,0.13408350063582475,0.016760437579478094,-0.2900002837181095,-0.404825586448733,20744,False,Midline_40_4.csv,5.0
776,P01,40,0.15,4,980.7443379000811,12.949597341995402,-2,-63.18959426879883,48.10022354125977,236.3065643310547,-0.24799999594688416,-8.970000141859055,-0.14866510481128284,0.13258872014284862,0.016573590017856073,-0.2900002837181095,-0.3997290771619928,20771,False,Midline_40_4.csv,5.0
777,P01,40,0.15,4,980.7610621151928,12.966322764522946,-2,-63.30094528198242,48.0259780883789,236.15240478515625,-0.2549999952316284,-9.215000116825104,-0.15416093113284224,0.13383477302522806,0.01672934662815351,-0.2900002837181095,-0.3944806603000197,20798,False,Midline_40_4.csv,5.0
778,P01,40,0.15,4,980.7777316947496,12.982989627394545,-2,-63.41167068481445,47.95172119140625,235.9935836791992,-0.2639999985694885,-9.530000233650208,-0.15881794705513855,0.13332041398643926,0.016665051748304904,-0.2900002837181095,-0.3891617877501975,20825,False,Midline_40_4.csv,5.0
779,P01,40,0.15,4,980.7944365912123,12.999683053409171,-2,-63.52222061157226,47.87713623046875,235.83121490478518,-0.2700000107288361,-9.740000659227373,-0.16236171587259668,0.1333566364546641,0.016669579556833014,-0.2900002837181095,-0.3837636722507116,20852,False,Midline_40_4.csv,5.0
780,P01,40,0.15,4,980.8110270850482,13.01628411213153,-2,-63.63226699829102,47.80243682861328,235.66577911376956,-0.2759999930858612,-9.950000041723252,-0.16542681757516098,0.13300648593485676,0.016625810741857094,-0.2900002837181095,-0.3783060509015269,20878,False,Midline_40_4.csv,5.0
781,P01,40,0.15,4,980.8276972683127,13.032955804665564,-2,-63.74240493774414,47.727210998535156,235.49639129638672,-0.28200000524520874,-10.160000467300415,-0.1693874707722426,0.13337595510347455,0.01667199438793432,-0.2900002837181095,-0.37276848259475415,20905,False,Midline_40_4.csv,5.0
782,P01,40,0.15,4,980.8443765071942,13.049618441582654,-2,-63.85218811035156,47.65174865722656,235.32427978515625,-0.2870000004768372,-10.33500030040741,-0.17210228910039116,0.13321899107722854,0.016652373884653567,-0.2900002837181095,-0.36718533767744255,20932,False,Midline_40_4.csv,5.0
783,P01,40,0.15,4,980.8610593683225,13.066318206529104,-2,-63.96204376220703,47.57574844360352,235.1499481201172,-0.2899999916553497,-10.43999999165535,-0.17432348641847364,0.13358121575311088,0.01669765196913886,-0.2900002837181095,-0.36154136798956105,20959,False,Midline_40_4.csv,5.0
784,P01,40,0.15,4,980.877648051035,13.082907191095615,-2,-64.07102966308594,47.49986267089844,234.97489166259768,-0.2930000126361847,-10.545000725984574,-0.1750486271305363,0.13280122528522045,0.016600153160652553,-0.2900002837181095,-0.35588598316670783,20986,False,Midline_40_4.csv,5.0
785,P01,40,0.15,4,980.8943218565463,13.099582204022456,-2,-64.18028259277344,47.42329406738281,234.798454284668,-0.2939999997615814,-10.580000275373461,-0.17643441581527636,0.13340976273957494,0.016676220342446868,-0.2900002837181095,-0.350166065111273,21013,False,Midline_40_4.csv,5.0
786,P01,40,0.15,4,980.9110255455934,13.11628166711489,-2,-64.28949737548828,47.34624481201172,234.62168884277344,-0.2939999997615814,-10.580000275373461,-0.17676655170321706,0.13366090518138662,0.016707613147673328,-0.2900002837181095,-0.3444012732825833,21040,False,Midline_40_4.csv,5.0
787,P01,40,0.15,4,980.9276676564456,13.132922570551615,-2,-64.39803314208984,47.2691764831543,234.4456329345703,-0.2939999997615814,-10.580000275373461,-0.17604479486996938,0.1331151533368029,0.016639394167100363,-0.2900002837181095,-0.33862331606795826,21067,False,Midline_40_4.csv,5.0
788,P01,40,0.15,4,980.9443810048172,13.149638635608314,-2,-64.50685119628906,47.19140243530274,234.26874542236328,-0.2939999997615814,-10.580000275373461,-0.17688471543351736,0.13375025393543186,0.016718781741928982,-0.2900002837181095,-0.3327763186531393,21093,False,Midline_40_4.csv,5.0
789,P01,40,0.15,4,980.9610520936436,13.166309120726734,-2,-64.6151123046875,47.11352157592773,234.0923614501953,-0.2939999997615814,-10.580000275373461,-0.17637373714354512,0.1333638809473996,0.01667048511842495,-0.2900002837181095,-0.3269033771662076,21120,False,Midline_40_4.csv,5.0
790,P01,40,0.15,4,980.9776564727588,13.182914707257627,-2,-64.72264099121094,47.03566360473633,233.91737365722656,-0.2930000126361847,-10.545000725984574,-0.17499133223867588,0.13275775832426007,0.01659471979053251,-0.2900002837181095,-0.3210211365663833,21147,False,Midline_40_4.csv,5.0
791,P01,40,0.15,4,980.9943109596206,13.199568288557884,-2,-64.83030700683594,46.95719909667969,233.74234008789062,-0.2919999957084656,-10.510000133514405,-0.1750259692046878,0.13322623557087354,0.01665327944635919,-0.2900002837181095,-0.3150871728097073,21174,False,Midline_40_4.csv,5.0
792,P01,40,0.15,4,981.0109965374339,13.216254168224964,-2,-64.93801879882811,46.87820053100586,233.5668487548828,-0.2919999957084656,-10.510000133514405,-0.17548597945592848,0.1335763860906809,0.016697048261335112,-0.2900002837181095,-0.3090948279377171,21201,False,Midline_40_4.csv,5.0
793,P01,40,0.15,4,981.0277412786107,13.23299951310969,-2,-65.04579925537111,46.79864120483398,233.3908462524414,-0.2919999957084656,-10.510000133514405,-0.17599674945756344,0.13396517390810914,0.016745646738513642,-0.2900002837181095,-0.3030451202848796,21228,False,Midline_40_4.csv,5.0
794,P01,40,0.15,4,981.0443538077812,13.249612645987895,-2,-65.15248870849611,46.7193832397461,233.2162399291992,-0.2919999957084656,-10.510000133514405,-0.1746040287680351,0.1329050630256461,0.01661313287820576,-0.2900002837181095,-0.2970085948384362,21255,False,Midline_40_4.csv,5.0
795,P01,40,0.15,4,981.0610122187437,13.26627075509657,-2,-65.25921630859375,46.63958740234375,233.04116821289062,-0.2919999957084656,-10.510000133514405,-0.17507038398837374,0.13326004320788346,0.016657505400985432,-0.2900002837181095,-0.29090964142540143,21281,False,Midline_40_4.csv,5.0
796,P01,40,0.15,4,981.0776570462813,13.282914375218295,-2,-65.36560821533203,46.55953598022461,232.86624908447263,-0.2919999957084656,-10.510000133514405,-0.17492127721576575,0.1331465461416883,0.016643318267711038,-0.2900002837181095,-0.2847733718400016,21308,False,Midline_40_4.csv,5.0
797,P01,40,0.15,4,981.094309118312,13.299566447249047,-2,-65.47181701660156,46.4791145324707,232.69123077392575,-0.2919999957084656,-10.510000133514405,-0.17501962423678466,0.13322140590935305,0.01665267573866913,-0.2900002837181095,-0.2785966871790692,21335,False,Midline_40_4.csv,5.0
798,P01,40,0.15,4,981.1109877534856,13.316246289838318,-2,-65.57795715332031,46.398231506347656,232.5159149169922,-0.2919999957084656,-10.510000133514405,-0.17531149280812333,0.13344357037567536,0.016680446296959417,-0.2900002837181095,-0.2723743111020177,21362,False,Midline_40_4.csv,5.0
799,P01,40,0.15,4,981.1277352113476,13.332993747700243,-2,-65.68419647216797,46.31675720214844,232.3388442993164,-0.2939999997615814,-10.580000275373461,-0.17706036421877833,0.1338830696486184,0.0167353837060773,-0.2900002837181095,-0.2660917545435974,21389,False,Midline_40_4.csv,5.0
800,P01,40,0.15,4,981.1443924148944,13.349649441977816,-2,-65.7896728515625,46.2353515625,232.16205596923828,-0.2949999868869781,-10.614999824762343,-0.17678737512128315,0.1332358948957335,0.016654486861966692,-0.2900002837181095,-0.25980774391535383,21416,False,Midline_40_4.csv,5.0
801,P01,40,0.15,4,981.160955138172,13.366214278232631,-2,-65.89434814453125,46.15404891967773,231.9850311279297,-0.296999990940094,-10.6849999666214,-0.1770243026101747,0.13254042351945827,0.016567552939932284,-0.2900002837181095,-0.2535057631848921,21442,False,Midline_40_4.csv,5.0
802,P01,40,0.15,4,981.1776687883977,13.382927626604328,-2,-65.99968719482422,46.07170486450195,231.8052673339844,-0.29899999499320984,-10.755000108480454,-0.1797488171119066,0.13370437214234698,0.016713046517793373,-0.2900002837181095,-0.2471239564599869,21469,False,Midline_40_4.csv,5.0
803,P01,40,0.15,4,981.1943359531233,13.399592980206535,-2,-66.10443878173828,45.98929214477539,231.62432861328125,-0.3019999861717224,-10.859999799728394,-0.18093328665058075,0.13328419151912385,0.01666052393989048,-0.2900002837181095,-0.24073350140376734,21496,False,Midline_40_4.csv,5.0
804,P01,40,0.15,4,981.2109738380208,13.416234487350948,-2,-66.20884704589844,45.90661239624024,231.44178771972656,-0.3050000071525574,-10.965000534057618,-0.18254033128867603,0.1331803537786982,0.016647544222337274,-0.2900002837181095,-0.2343302442373113,21523,False,Midline_40_4.csv,5.0
805,P01,40,0.15,4,981.2276168544348,13.432877503764873,-2,-66.31290435791016,45.82366943359375,231.25706481933597,-0.3089999854564667,-11.104999774694443,-0.18472013090400516,0.13307168637675204,0.016633960797094,-0.2900002837181095,-0.2279033815753277,21549,False,Midline_40_4.csv,5.0
806,P01,40,0.15,4,981.2444273997612,13.449679899035914,-2,-66.41777038574219,45.739524841308594,231.06866455078125,-0.31200000643730164,-11.210000509023669,-0.18840223249344307,0.13445296980444255,0.016806621225555318,-0.2900002837181095,-0.2213957128752404,21576,False,Midline_40_4.csv,5.0
807,P01,40,0.15,4,981.2610287603374,13.466282768881685,-2,-66.52109527587889,45.65605926513672,230.879638671875,-0.31700000166893005,-11.385000342130661,-0.18902367887314134,0.13282295876524586,0.016602869845655732,-0.2900002837181095,-0.21494828712089584,21603,False,Midline_40_4.csv,5.0
808,P01,40,0.15,4,981.277617744904,13.482877488672216,-2,-66.62411499023439,45.5722770690918,230.68832397460938,-0.3210000097751617,-11.52500062584877,-0.1912993812349763,0.13278915113005496,0.01659864389125687,-0.2900002837181095,-0.20851032795520547,21630,False,Midline_40_4.csv,5.0
809,P01,40,0.15,4,981.294335621084,13.499595666706226,-2,-66.72760009765625,45.48754119873047,230.4933013916016,-0.32499998807907104,-11.664999866485596,-0.19502106566035213,0.13374783910330734,0.016718479887913418,-0.2900002837181095,-0.20202596829912012,21657,False,Midline_40_4.csv,5.0
810,P01,40,0.15,4,981.3109043814394,13.516164125207752,-2,-66.82986450195311,45.403221130371094,230.29771423339844,-0.32899999618530273,-11.805000150203705,-0.1955870917137803,0.13254525318097876,0.016568156647622345,-0.2900002837181095,-0.19559195170020774,21683,False,Midline_40_4.csv,5.0
811,P01,40,0.15,4,981.3276871562073,13.532944786998314,-2,-66.93314361572266,45.31747055053711,230.09727478027344,-0.3330000042915344,-11.945000433921814,-0.2004341954347988,0.13423804983085574,0.016779756228856968,-0.2900002837181095,-0.1890939760424914,21710,False,Midline_40_4.csv,5.0
812,P01,40,0.15,4,981.3443950712089,13.549651796438186,-2,-67.03566741943361,45.23173904418945,229.8965606689453,-0.3350000083446503,-12.015000575780865,-0.2007202209417561,0.13364641619500614,0.016705802024375768,-0.2900002837181095,-0.18264377496879095,21737,False,Midline_40_4.csv,5.0
813,P01,40,0.15,4,981.3609861687526,13.566244705105419,-2,-67.13720703125,45.14622116088867,229.69541931152344,-0.33799999952316284,-12.120000267028805,-0.20112434982315092,0.13275534349304507,0.016594417936630634,-0.2900002837181095,-0.1762735629476936,21764,False,Midline_40_4.csv,5.0
814,P01,40,0.15,4,981.3777475118936,13.583005142684893,-2,-67.23946380615234,45.059486389160156,229.49169921875,-0.3389999866485596,-12.154999816417696,-0.2037267847357583,0.13408591546703974,0.016760739433379968,-0.2900002837181095,-0.16985036409450102,21790,False,Midline_40_4.csv,5.0
815,P01,40,0.15,4,981.3943470613466,13.59960378657604,-2,-67.34048461914061,44.973182678222656,229.28982543945312,-0.3389999866485596,-12.154999816417696,-0.2018702535046421,0.13286401089499122,0.016608001361873903,-0.2900002837181095,-0.1634927017127122,21817,False,Midline_40_4.csv,5.0
816,P01,40,0.15,4,981.4110024537705,13.616259782707514,-2,-67.44149017333984,44.88627243041992,229.0873565673828,-0.3389999866485596,-12.154999816417696,-0.2024572989544672,0.13325038388302346,0.016656297985377932,-0.2900002837181095,-0.15715893270274234,21844,False,Midline_40_4.csv,5.0
817,P01,40,0.15,4,981.4277465912393,13.632989733043473,-2,-67.54252624511719,44.79871368408203,228.88421630859372,-0.3389999866485596,-12.154999816417696,-0.20313607025319325,0.133697127648702,0.01671214095608775,-0.2900002837181095,-0.15083527458142462,21871,False,Midline_40_4.csv,5.0
818,P01,40,0.15,4,981.4445402327474,13.64979243016842,-2,-67.64388275146484,44.71024703979492,228.6798095703125,-0.3389999866485596,-12.154999816417696,-0.2044092250699881,0.13453507406484275,0.016816884258105347,-0.2900002837181095,-0.1444902393452588,21898,False,Midline_40_4.csv,5.0
819,P01,40,0.15,4,981.4610123998559,13.666263993569373,-2,-67.74279022216797,44.623294830322266,228.47972106933597,-0.3389999866485596,-12.154999816417696,-0.20009077199008504,0.13169281777845754,0.016461602222307192,-0.2900002837181095,-0.13829654821255993,21924,False,Midline_40_4.csv,5.0
820,P01,40,0.15,4,981.477693449861,13.682945949135842,-2,-67.84276580810547,44.53478240966797,228.2768402099609,-0.3389999866485596,-12.154999816417696,-0.2028755688360684,0.13352567463607554,0.016690709329509446,-0.2900002837181095,-0.13205367177221322,21951,False,Midline_40_4.csv,5.0
821,P01,40,0.15,4,981.4943252976808,13.699580211786726,-2,-67.94206237792969,44.44624328613281,228.07470703125,-0.3389999866485596,-12.154999816417696,-0.2021344239572707,0.13303787873974215,0.01662973484246777,-0.2900002837181095,-0.12587515873124594,21977,False,Midline_40_4.csv,5.0
822,P01,40,0.15,4,981.5109499010068,13.716206928090287,-2,-68.04107666015625,44.357322692871094,227.8724822998047,-0.3389999866485596,-12.154999816417696,-0.20220413560420425,0.1330837605319175,0.016635470066489688,-0.2900002837181095,-0.11968454369668173,22004,False,Midline_40_4.csv,5.0
823,P01,40,0.15,4,981.5276590234241,13.732915446799664,-2,-68.14013671875,44.26773071289063,227.6689453125,-0.3400000035762787,-12.190000408887865,-0.20351862713695906,0.13356431193460594,0.01669553899182574,-0.2900002837181095,-0.1135133840763027,22031,False,Midline_40_4.csv,5.0
824,P01,40,0.15,4,981.5443403752828,13.749596496804427,-2,-68.23881530761719,44.1778450012207,227.46556091308597,-0.3400000035762787,-12.190000408887865,-0.2033898411681764,0.1334797928439002,0.016684974105487527,-0.2900002837181095,-0.10738822162716033,22058,False,Midline_40_4.csv,5.0
825,P01,40,0.15,4,981.5609670915863,13.766224420523601,-2,-68.33689117431639,44.087867736816406,227.26275634765625,-0.3400000035762787,-12.190000408887865,-0.20280110530930015,0.13309341985677747,0.016636677482097184,-0.2900002837181095,-0.1012932869811841,22084,False,Midline_40_4.csv,5.0
826,P01,40,0.15,4,981.5776861751821,13.782943805973218,-2,-68.43514251708984,43.99708938598633,227.0589141845703,-0.3400000035762787,-12.190000408887865,-0.20382771346314624,0.13376715775302728,0.01672089471912841,-0.2900002837181095,-0.09518517244661387,22111,False,Midline_40_4.csv,5.0
827,P01,40,0.15,4,981.594419445911,13.799678284117588,-2,-68.53314208984375,43.90588760375977,226.85491943359372,-0.3400000035762787,-12.190000408887865,-0.2039896158232285,0.13387341032375846,0.016734176290469804,-0.2900002837181095,-0.08911603973913887,22138,False,Midline_40_4.csv,5.0
828,P01,40,0.15,4,981.6109749246948,13.816231348070461,-2,-68.6297607421875,43.815330505371094,226.65313720703125,-0.3400000035762787,-12.190000408887865,-0.2017781767546414,0.13242209679174266,0.016552762098967833,-0.2900002837181095,-0.08316501271525027,22164,False,Midline_40_4.csv,5.0
829,P01,40,0.15,4,981.6276442023977,13.832901833188885,-2,-68.72674560546875,43.72378540039063,226.4499053955078,-0.3400000035762787,-12.190000408887865,-0.2032205796097196,0.13336871061073907,0.016671088826342384,-0.2900002837181095,-0.07714924847193336,22191,False,Midline_40_4.csv,5.0
830,P01,40,0.15,4,981.6443979991916,13.849654422567141,-2,-68.82387542724611,43.63145446777344,226.24571228027344,-0.3400000035762787,-12.190000408887865,-0.20419935297274527,0.1340110557002845,0.01675138196253556,-0.2900002837181095,-0.07115048864633149,22218,False,Midline_40_4.csv,5.0
831,P01,40,0.15,4,981.6610081135308,13.866265442468036,-2,-68.91986846923828,43.539546966552734,226.043212890625,-0.3400000035762787,-12.190000408887865,-0.20249937818148755,0.13289540370078612,0.01661192546259826,-0.2900002837181095,-0.06527575623708769,22245,False,Midline_40_4.csv,5.0
832,P01,40,0.15,4,981.6776248686557,13.882880990177341,-2,-69.01546478271484,43.44737243652344,225.84027099609372,-0.3409999907016754,-12.224999958276749,-0.20292580120594148,0.13279398079248494,0.016599247599060618,-0.2900002837181095,-0.059353601849496285,22271,False,Midline_40_4.csv,5.0
833,P01,40,0.15,4,981.6944339047127,13.899690931795813,-2,-69.11197662353516,43.35365295410156,225.63409423828125,-0.3420000076293945,-12.260000550746918,-0.20616020734881205,0.1345254147390733,0.016815676842384164,-0.2900002837181095,-0.053416965147132366,22298,False,Midline_40_4.csv,5.0
834,P01,40,0.15,4,981.711020474448,13.916276595969519,-2,-69.20688629150389,43.26081848144531,225.43063354492188,-0.3420000076293945,-12.260000550746918,-0.20346237595842898,0.13276500281790504,0.01659562535223813,-0.2900002837181095,-0.04764204624671459,22325,False,Midline_40_4.csv,5.0
835,P01,40,0.15,4,981.7276656038392,13.93292293277625,-2,-69.30169677734375,43.167423248291016,225.2261047363281,-0.3429999947547913,-12.295000100135805,-0.20453310613329687,0.1330837605319175,0.016635470066489688,-0.2900002837181095,-0.04180607268521498,22351,False,Midline_40_4.csv,5.0
836,P01,40,0.15,4,981.744355105753,13.94961062356674,-2,-69.39645385742189,43.07341003417969,225.02037048339844,-0.3440000116825104,-12.330000692605973,-0.20573318599441226,0.1334846225063302,0.016685577813291275,-0.2900002837181095,-0.036006328951712574,22378,False,Midline_40_4.csv,5.0
837,P01,40,0.15,4,981.7610334390728,13.966289862448207,-2,-69.49085235595703,42.97907638549805,224.8141021728516,-0.3449999988079071,-12.365000241994858,-0.2062686521927643,0.1334532297005353,0.016681653712566913,-0.2900002837181095,-0.0303176693259613,22405,False,Midline_40_4.csv,5.0
838,P01,40,0.15,4,981.7776903407657,13.982944047456273,-2,-69.58472442626953,42.88459396362305,224.607666015625,-0.34599998593330383,-12.399999791383744,-0.2064370308606744,0.13318518344112815,0.016648147930141022,-0.2900002837181095,-0.02456681327213759,22431,False,Midline_40_4.csv,5.0
839,P01,40,0.15,4,981.7943520721212,13.999610004766284,-2,-69.67831420898439,42.78971481323242,224.4005126953125,-0.3470000028610229,-12.435000383853913,-0.2071548538222308,0.1332721173639584,0.0166590146704948,-0.2900002837181095,-0.018876501798548648,22458,False,Midline_40_4.csv,5.0
840,P01,40,0.15,4,981.8109999181976,14.01625754898862,-2,-69.77162933349611,42.69442367553711,224.19320678710938,-0.3470000028610229,-12.435000383853913,-0.20731250306018786,0.13337354027225956,0.016671692534032445,-0.2900002837181095,-0.013433232558011193,22485,False,Midline_40_4.csv,5.0
841,P01,40,0.15,4,981.827705418368,14.032962445451288,-2,-69.86479187011719,42.59860229492188,223.9854736328125,-0.3470000028610229,-12.435000383853913,-0.20772914747751514,0.1336415865316667,0.016705198316458336,-0.2900002837181095,-0.0077020945578035235,22511,False,Midline_40_4.csv,5.0
842,P01,40,0.15,4,981.844371073824,14.049625987930085,-2,-69.95728302001953,42.50277328491211,223.7778778076172,-0.3479999899864197,-12.469999933242798,-0.2075986394593385,0.13318276860991318,0.016647846076239148,-0.2900002837181095,-0.0021746839305655115,22538,False,Midline_40_4.csv,5.0
843,P01,40,0.15,4,981.8609431545724,14.06619927609404,-2,-70.04909515380861,42.40696334838867,223.57102966308597,-0.3479999899864197,-12.469999933242798,-0.20684205172813555,0.13269738754479474,0.016587173443099346,-0.2900002837181095,0.003917691347289607,22564,False,Midline_40_4.csv,5.0
844,P01,40,0.15,4,981.8776094137364,14.082866742673446,-2,-70.14100646972656,42.31034851074219,223.36317443847656,-0.3479999899864197,-12.469999933242798,-0.2078621277246208,0.13335180679223413,0.016668975849029266,-0.2900002837181095,0.008933169452967247,22591,False,Midline_40_4.csv,5.0
845,P01,40,0.15,4,981.8943188380074,14.09957616694453,-2,-70.23273468017578,42.21321868896485,223.1549224853516,-0.3479999899864197,-12.469999933242798,-0.2082460677660089,0.13359811957070633,0.01669976494633829,-0.2900002837181095,0.01446230141690619,22618,False,Midline_40_4.csv,5.0
846,P01,40,0.15,4,981.9109368005479,14.116194129485052,-2,-70.32371520996094,42.11618423461914,222.9475860595703,-0.3479999899864197,-12.469999933242798,-0.20733891531361026,0.13301614525971672,0.01662701815746459,-0.2900002837181095,0.019826722080973982,22644,False,Midline_40_4.csv,5.0
847,P01,40,0.15,4,981.9275934003873,14.132851333032134,-2,-70.41451263427734,42.01864242553711,222.7398681640625,-0.3479999899864197,-12.469999933242798,-0.20771909123686216,0.13326004320697393,0.01665750540087174,-0.2900002837181095,0.025152578691152897,22671,False,Midline_40_4.csv,5.0
848,P01,40,0.15,4,981.9444386589114,14.149693874871332,-2,-70.50594329833984,41.919700622558594,222.5298767089844,-0.3479999899864197,-12.469999933242798,-0.2099888544304712,0.1347161864023292,0.016839523300291148,-0.2900002837181095,0.0305496493435362,22698,False,Midline_40_4.csv,5.0
849,P01,40,0.15,4,981.9609678764064,14.166225809051525,-2,-70.5953598022461,41.82221984863281,222.3236846923828,-0.3479999899864197,-12.469999933242798,-0.2061946234214652,0.13228203658400162,0.016535254573000202,-0.2900002837181095,0.03578680403611914,22724,False,Midline_40_4.csv,5.0
850,P01,40,0.15,4,981.9775958001255,14.182853430916678,-2,-70.68492126464844,41.72387313842773,222.1163482666016,-0.3479999899864197,-12.469999933242798,-0.2073426794303288,0.13301856009002222,0.016627320011252774,-0.2900002837181095,0.04102227801200102,22751,False,Midline_40_4.csv,5.0
851,P01,40,0.15,4,981.9943426542798,14.199599379509095,-2,-70.77476501464844,41.62449645996094,221.9075164794922,-0.3479999899864197,-12.469999933242798,-0.2088219778309265,0.13396758874023362,0.016745948592529203,-0.2900002837181095,0.04630260010698517,22778,False,Midline_40_4.csv,5.0
852,P01,40,0.15,4,982.0109373740704,14.216194703007432,-2,-70.86344146728516,41.525691986083984,221.7005615234375,-0.3479999899864197,-12.469999933242798,-0.20694368291639573,0.13276258798669005,0.016595323498336256,-0.2900002837181095,0.05137913500952124,22804,False,Midline_40_4.csv,5.0
853,P01,40,0.15,4,982.0276353278932,14.232892958684376,-2,-70.95230865478516,41.42594909667969,221.4923095703125,-0.3479999899864197,-12.469999933242798,-0.20823101129346405,0.13358846024584636,0.016698557530730795,-0.2900002837181095,0.05653898777193279,22831,False,Midline_40_4.csv,5.0
854,P01,40,0.15,4,982.0444147822682,14.24967241305933,-2,-71.04124450683594,41.32540130615234,221.2830810546875,-0.3479999899864197,-12.469999933242798,-0.2092360308174044,0.13423322016842576,0.01677915252105322,-0.2900002837181095,0.06167881570334172,22857,False,Midline_40_4.csv,5.0
855,P01,40,0.15,4,982.0609977297568,14.266254756840112,-2,-71.12876892089844,41.22571563720703,221.0763092041016,-0.3479999899864197,-12.469999933242798,-0.2067742976031013,0.1326539205838344,0.0165817400729793,-0.2900002837181095,0.06665798341073112,22884,False,Midline_40_4.csv,5.0
856,P01,40,0.15,4,982.0776362183624,14.282893245445619,-2,-71.2161636352539,41.125450134277344,220.8677978515625,-0.3499999940395355,-12.540000075101853,-0.20849145319946927,0.13300890076607175,0.01662611259575897,-0.2900002837181095,0.07168602715736283,22910,False,Midline_40_4.csv,5.0
857,P01,40,0.15,4,982.0943411148247,14.299598443762081,-2,-71.30361938476562,41.02437210083008,220.6576995849609,-0.35100001096725464,-12.575000667572024,-0.2101020422985448,0.13366332001260162,0.016707915001575202,-0.2900002837181095,0.07662624137152217,22937,False,Midline_40_4.csv,5.0
858,P01,40,0.15,4,982.1109388531545,14.31619648394542,-2,-71.39012908935547,40.92364501953125,220.44723510742188,-0.3540000021457672,-12.680000358819964,-0.2104555004667256,0.13277949180519502,0.016597436475649374,-0.2900002837181095,0.08154468212807664,22964,False,Midline_40_4.csv,5.0
859,P01,40,0.15,4,982.127646768156,14.332905002654796,-2,-71.47686004638672,40.8219108581543,220.2335968017578,-0.3569999933242798,-12.785000050067902,-0.21364542694957087,0.13368505349262705,0.01671063168657838,-0.2900002837181095,0.08641664061528946,22990,False,Midline_40_4.csv,5.0
860,P01,40,0.15,4,982.1444126391057,14.349669666188904,-2,-71.5634765625,40.71953582763672,220.01693725585938,-0.3610000014305115,-12.925000333786011,-0.21665987300341374,0.13410281928554468,0.016762852410693085,-0.2900002837181095,0.09125222578691346,23017,False,Midline_40_4.csv,5.0
861,P01,40,0.15,4,982.1609424603084,14.366200091099472,-2,-71.64850616455078,40.618263244628906,219.8015594482422,-0.3639999926090241,-13.030000025033953,-0.2153796375309862,0.13223615479182627,0.016529519348978283,-0.2900002837181095,0.09598869336902052,23043,False,Midline_40_4.csv,5.0
862,P01,40,0.15,4,982.1777077275502,14.382964452779676,-2,-71.73436737060547,40.51521682739258,219.5801696777344,-0.3689999878406525,-13.204999858140946,-0.22139730949178424,0.1341293824280001,0.016766172803500012,-0.2900002837181095,0.10069911623628597,23070,False,Midline_40_4.csv,5.0
863,P01,40,0.15,4,982.1943356512694,14.399591772790927,-2,-71.8189926147461,40.41284942626953,219.35919189453125,-0.3720000088214874,-13.31000059247017,-0.2209801898082833,0.13282054393494036,0.016602567991867545,-0.2900002837181095,0.10532451963957208,23097,False,Midline_40_4.csv,5.0
864,P01,40,0.15,4,982.2110013067256,14.416261956055564,-2,-71.90342712402344,40.309906005859375,219.13592529296875,-0.375,-13.41500028371811,-0.2232620205445209,0.13314171648016782,0.016642714560020973,-0.2900002837181095,0.10985373440031873,23123,False,Midline_40_4.csv,5.0
865,P01,40,0.15,4,982.2275688596652,14.43282920714148,-2,-71.98735046386719,40.20676803588867,218.91119384765625,-0.3779999911785126,-13.519999974966051,-0.2247197448425115,0.13297026346663188,0.016621282933328985,-0.2900002837181095,0.11432834133915284,23150,False,Midline_40_4.csv,5.0
866,P01,40,0.15,4,982.2444023458876,14.449660278532633,-2,-72.07191467285156,40.10200881958008,218.6819000244141,-0.3810000121593475,-13.625000709295273,-0.22929045756718225,0.13462925248040847,0.01682865656005106,-0.2900002837181095,0.11877921158366656,23176,False,Midline_40_4.csv,5.0
867,P01,40,0.15,4,982.2609831803993,14.46624141489792,-2,-72.15482330322266,39.99845504760742,218.4547882080078,-0.382999986410141,-13.694999808073044,-0.2270910610060969,0.1326563354150494,0.016582041926881175,-0.2900002837181095,0.12304290030634832,23203,False,Midline_40_4.csv,5.0
868,P01,40,0.15,4,982.2775942003,14.482851529237108,-2,-72.23745727539062,39.89440155029297,218.22674560546875,-0.3840000033378601,-13.730000400543213,-0.2280485876217191,0.13287608505106618,0.016609510631383273,-0.2900002837181095,0.1272634379339135,23229,False,Midline_40_4.csv,5.0
869,P01,40,0.15,4,982.2943612786653,14.499609250131586,-2,-72.32034301757812,39.78917694091797,217.99627685546875,-0.3849999904632568,-13.7649999499321,-0.23047058636723236,0.1339458552592987,0.016743231907412337,-0.2900002837181095,0.13140365493090506,23256,False,Midline_40_4.csv,5.0
870,P01,40,0.15,4,982.3109590169946,14.516215440370159,-2,-72.40223693847656,39.684349060058594,217.76739501953125,-0.3849999904632568,-13.7649999499321,-0.22888336916185276,0.1330233897533617,0.016627923719170212,-0.2900002837181095,0.1354537660147234,23283,False,Midline_40_4.csv,5.0
871,P01,40,0.15,4,982.3276159186878,14.532871436501635,-2,-72.48384857177734,39.579017639160156,217.5381317138672,-0.3849999904632568,-13.7649999499321,-0.2292697859142723,0.13324796905089895,0.016655996131362368,-0.2900002837181095,0.13938974274693874,23309,False,Midline_40_4.csv,5.0
872,P01,40,0.15,4,982.3442900260527,14.549526527071292,-2,-72.5650405883789,39.47335052490234,217.308837890625,-0.3849999904632568,-13.7649999499321,-0.2292864059916139,0.13325762837666846,0.016657203547083554,-0.2900002837181095,0.14325350545449494,23336,False,Midline_40_4.csv,5.0
873,P01,40,0.15,4,982.3609330424667,14.566190371404106,-2,-72.6458511352539,39.3673095703125,217.07943725585938,-0.3849999904632568,-13.7649999499321,-0.22939859149997704,0.13332282881765425,0.016665353602206782,-0.2900002837181095,0.1470187813871347,23362,False,Midline_40_4.csv,5.0
874,P01,40,0.15,4,982.3776062442703,14.582863271353743,-2,-72.72627258300781,39.26089859008789,216.84994506835938,-0.3849999904632568,-13.7649999499321,-0.2294983119530725,0.13338078476590454,0.016672598095738067,-0.2900002837181095,0.15069856558269282,23389,False,Midline_40_4.csv,5.0
875,P01,40,0.15,4,982.3942969536,14.599534963887775,-2,-72.80619049072266,39.15426254272461,216.6206359863281,-0.3849999904632568,-13.7649999499321,-0.22929471602793736,0.13326245803818892,0.016657807254773616,-0.2900002837181095,0.1542868540567163,23415,False,Midline_40_4.csv,5.0
876,P01,40,0.15,4,982.4109435922604,14.616200921197786,-2,-72.88578796386719,39.04716491699219,216.3910369873047,-0.3849999904632568,-13.7649999499321,-0.229598032406168,0.13343874071415485,0.016679842589269356,-0.2900002837181095,0.15777522107894867,23442,False,Midline_40_4.csv,5.0
877,P01,40,0.15,4,982.4277402523076,14.632998788660302,-2,-72.96552276611328,38.93898391723633,216.1597900390625,-0.3849999904632568,-13.7649999499321,-0.2312309548183687,0.13438776936254726,0.01679847117031841,-0.2900002837181095,0.16121688456193592,23469,False,Midline_40_4.csv,5.0
878,P01,40,0.15,4,982.4443699871499,14.649628221648866,-2,-73.04401397705078,38.83157730102539,215.93089294433597,-0.3849999904632568,-13.7649999499321,-0.2288958342186853,0.13303063424700667,0.016628829280875834,-0.2900002837181095,0.16451099906941194,23495,False,Midline_40_4.csv,5.0
879,P01,40,0.15,4,982.4609583680087,14.666216300653787,-2,-73.12188720703125,38.724117279052734,215.7025451660156,-0.3849999904632568,-13.7649999499321,-0.22834321670849844,0.13270946170086972,0.016588682712608716,-0.2900002837181095,0.1677227037972282,23522,False,Midline_40_4.csv,5.0
880,P01,40,0.15,4,982.4776940535687,14.68294413801243,-2,-73.19994354248047,38.61549758911133,215.47239685058597,-0.3849999904632568,-13.7649999499321,-0.2301506499147899,0.1337599132593823,0.016719989157422788,-0.2900002837181095,0.17085087880936115,23548,False,Midline_40_4.csv,5.0
881,P01,40,0.15,4,982.4942597953852,14.699506559436145,-2,-73.27686309814453,38.50754928588867,215.24432373046875,-0.3849999904632568,-13.7649999499321,-0.2280731404818213,0.13255249767462374,0.016569062209327967,-0.2900002837181095,0.1738757785972888,23575,False,Midline_40_4.csv,5.0
882,P01,40,0.15,4,982.5108985858445,14.716156216635683,-2,-73.35372924804688,38.39875793457031,215.0151214599609,-0.3849999904632568,-13.7649999499321,-0.22919915059535095,0.1332069169220631,0.016650864615257888,-0.2900002837181095,0.1768054806044408,23601,False,Midline_40_4.csv,5.0
883,P01,40,0.15,4,982.5276019730377,14.732859905682744,-2,-73.43040466308594,38.2893180847168,214.7851867675781,-0.3849999904632568,-13.7649999499321,-0.2299221238759897,0.13362709754437674,0.016703387193047092,-0.2900002837181095,0.17967255250601338,23628,False,Midline_40_4.csv,5.0
884,P01,40,0.15,4,982.5443240751724,14.74958200781748,-2,-73.50672149658203,38.179447174072266,214.5550079345703,-0.3849999904632568,-13.7649999499321,-0.2301797350473992,0.13377681707788724,0.016722102134735906,-0.2900002837181095,0.18244573828038488,23654,False,Midline_40_4.csv,5.0
885,P01,40,0.15,4,982.560883779911,14.766140806994374,-2,-73.58184814453125,38.07035827636719,214.3271026611328,-0.3849999904632568,-13.7649999499321,-0.22791109474612803,0.13245831925905804,0.016557289907382255,-0.2900002837181095,0.1850927747347836,23681,False,Midline_40_4.csv,5.0
886,P01,40,0.15,4,982.5776520656917,14.782909998336775,-2,-73.65750122070312,37.95956039428711,214.09625244140625,-0.3849999904632568,-13.7649999499321,-0.2308445380659491,0.13416319006501,0.016770398758126248,-0.2900002837181095,0.18769238052234316,23707,False,Midline_40_4.csv,5.0
887,P01,40,0.15,4,982.594311382216,14.79955693885131,-2,-73.7320556640625,37.84943389892578,213.867431640625,-0.3849999904632568,-13.7649999499321,-0.2288251988966342,0.1329895821163518,0.016623697764543977,-0.2900002837181095,0.19016560298596016,23734,False,Midline_40_4.csv,5.0
888,P01,40,0.15,4,982.6110739327727,14.816333978395164,-2,-73.80695343017578,37.73783493041992,213.63616943359372,-0.3849999904632568,-13.7649999499321,-0.23125588493203375,0.1344022583498372,0.01680028229372965,-0.2900002837181095,0.19258981553439486,23761,False,Midline_40_4.csv,5.0
889,P01,40,0.15,4,982.6277724903036,14.833032837779793,-2,-73.88095092773438,37.626609802246094,213.40631103515625,-0.3849999904632568,-13.7649999499321,-0.229863953612336,0.13359328990827635,0.016699161238534543,-0.2900002837181095,0.19489186076732806,23787,False,Midline_40_4.csv,5.0
890,P01,40,0.15,4,982.6444680292957,14.849728074917723,-2,-73.9544906616211,37.515113830566406,213.17649841308597,-0.3849999904632568,-13.7649999499321,-0.22981409338657074,0.13356431193460594,0.01669553899182574,-0.2900002837181095,0.1971115107692281,23814,False,Midline_40_4.csv,5.0
891,P01,40,0.15,4,982.6612900450697,14.866529866480962,-2,-74.02804565429688,37.40261459350586,212.9452362060547,-0.3849999904632568,-13.7649999499321,-0.2312683499904312,0.13440950284439168,0.01680118785554896,-0.2900002837181095,0.1992645554301256,23841,False,Midline_40_4.csv,5.0
892,P01,40,0.15,4,982.6786958462793,14.883953778924026,-2,-74.1038589477539,37.2856330871582,212.70538330078125,-0.3849999904632568,-13.7649999499321,-0.2398526189616674,0.13939854403724894,0.017424818004656114,-0.2900002837181095,0.20139000681857672,23868,False,Midline_40_4.csv,5.0
893,P01,40,0.15,4,982.695425796615,14.900686445945098,-2,-74.17618560791016,37.172996520996094,212.4750518798828,-0.3849999904632568,-13.7649999499321,-0.2303210056883716,0.13385892133737798,0.016732365167172247,-0.2900002837181095,0.20332677097701216,23895,False,Midline_40_4.csv,5.0
894,P01,40,0.15,4,982.7119936514086,14.91725430073882,-2,-74.24735260009766,37.061180114746094,212.2469787597656,-0.3849999904632568,-13.7649999499321,-0.22805652040760946,0.13254283835067324,0.016567854793834158,-0.2900002837181095,0.20515961336287364,23921,False,Midline_40_4.csv,5.0
895,P01,40,0.15,4,982.7286647402353,14.933925389565161,-2,-74.31851959228516,36.94837951660156,212.01747131347656,-0.3849999904632568,-13.7649999499321,-0.22948584689624,0.13337354027225956,0.016671692534032445,-0.2900002837181095,0.20690929106541106,23948,False,Midline_40_4.csv,5.0
896,P01,40,0.15,4,982.7453934831557,14.950652623216,-2,-74.38928985595703,36.835205078125,211.78839111328125,-0.3840000033378601,-13.730000400543213,-0.22908470114983595,0.13347979284299072,0.01668497410537384,-0.2900002837181095,0.2085774315308182,23974,False,Midline_40_4.csv,5.0
897,P01,40,0.15,4,982.7619833732837,14.967243418905925,-2,-74.45938110351562,36.72210693359375,211.5600128173828,-0.3840000033378601,-13.730000400543213,-0.22835942168155896,0.1330571973894621,0.016632149673682758,-0.2900002837181095,0.2101328175569544,24001,False,Midline_40_4.csv,5.0
898,P01,40,0.15,4,982.7787890889476,14.984048229008069,-2,-74.52967071533203,36.60767364501953,211.3307037353516,-0.38199999928474426,-13.66000025868416,-0.22931455753473245,0.13429842061032105,0.01678730257629013,-0.2900002837181095,0.21163144729975988,24028,False,Midline_40_4.csv,5.0
899,P01,40,0.15,4,982.7953992032867,15.000654419246757,-2,-74.59870147705078,36.49427032470703,211.10459899902344,-0.3810000121593475,-13.625000709295273,-0.22611129443581598,0.13276258798669005,0.016595323498336256,-0.2900002837181095,0.21299870420542646,24054,False,Midline_40_4.csv,5.0
